Middle layer Super Output Areas Code,Middle layer Super Output Areas,Female,Male,Total
E02000001,City of London 001,3861,4722,8583
E02000002,Barking and Dagenham 001,4362,3919,8281
E02000003,Barking and Dagenham 002,5834,5708,11542
E02000004,Barking and Dagenham 003,3394,3246,6640
E02000005,Barking and Dagenham 004,5680,5402,11082
E02000007,Barking and Dagenham 006,5352,4810,10162
E02000008,Barking and Dagenham 007,6855,6395,13250
E02000009,Barking and Dagenham 008,6560,6304,12864
E02000010,Barking and Dagenham 009,4972,4513,9485
E02000011,Barking and Dagenham 010,3609,3422,7031
E02000012,Barking and Dagenham 011,5770,5741,11511
E02000013,Barking and Dagenham 012,4871,4527,9398
E02000014,Barking and Dagenham 013,5122,4743,9865
E02000015,Barking and Dagenham 014,4272,3956,8228
E02000016,Barking and Dagenham 015,5347,5221,10568
E02000017,Barking and Dagenham 016,4419,4714,9133
E02000018,Barking and Dagenham 017,4903,4649,9552
E02000019,Barking and Dagenham 018,5011,4652,9663
E02000020,Barking and Dagenham 019,7109,6946,14055
E02000021,Barking and Dagenham 020,4496,4263,8759
E02000022,Barking and Dagenham 021,3964,3777,7741
E02000023,Barking and Dagenham 022,4179,3840,8019
E02000024,Barnet 001,5631,5210,10841
E02000025,Barnet 002,4501,4081,8582
E02000026,Barnet 003,3324,3133,6457
E02000027,Barnet 004,5039,4607,9646
E02000028,Barnet 005,3342,3191,6533
E02000029,Barnet 006,4927,4751,9678
E02000030,Barnet 007,4853,4604,9457
E02000031,Barnet 008,4375,3956,8331
E02000032,Barnet 009,4034,3905,7939
E02000033,Barnet 010,4597,4294,8891
E02000034,Barnet 011,4757,4330,9087
E02000035,Barnet 012,4401,4129,8530
E02000036,Barnet 013,5748,5496,11244
E02000037,Barnet 014,5587,5248,10835
E02000038,Barnet 015,5544,5175,10719
E02000039,Barnet 016,3674,3494,7168
E02000040,Barnet 017,4743,4396,9139
E02000041,Barnet 018,4900,4555,9455
E02000042,Barnet 019,5885,5674,11559
E02000043,Barnet 020,3889,3681,7570
E02000044,Barnet 021,4597,4247,8844
E02000045,Barnet 022,5505,5019,10524
E02000046,Barnet 023,3608,3354,6962
E02000047,Barnet 024,6381,6016,12397
E02000048,Barnet 025,5398,4885,10283
E02000049,Barnet 026,5498,5034,10532
E02000050,Barnet 027,5300,5078,10378
E02000051,Barnet 028,4806,4354,9160
E02000052,Barnet 029,5200,4649,9849
E02000054,Barnet 031,3850,3781,7631
E02000055,Barnet 032,5948,5777,11725
E02000056,Barnet 033,4849,4281,9130
E02000057,Barnet 034,4048,3965,8013
E02000058,Barnet 035,5439,4788,10227
E02000059,Barnet 036,5902,5724,11626
E02000060,Barnet 037,5748,5810,11558
E02000061,Barnet 038,4284,4062,8346
E02000062,Barnet 039,3568,3390,6958
E02000063,Barnet 040,3928,3656,7584
E02000064,Barnet 041,3464,3212,6676
E02000065,Bexley 001,4144,3918,8062
E02000066,Bexley 002,4873,4557,9430
E02000067,Bexley 003,5225,5006,10231
E02000068,Bexley 004,4323,3853,8176
E02000069,Bexley 005,3750,3462,7212
E02000070,Bexley 006,4237,3874,8111
E02000071,Bexley 007,3952,3720,7672
E02000072,Bexley 008,6827,6097,12924
E02000073,Bexley 009,5508,5218,10726
E02000074,Bexley 010,4666,4195,8861
E02000075,Bexley 011,4133,3853,7986
E02000077,Bexley 013,4270,3870,8140
E02000078,Bexley 014,4092,3841,7933
E02000079,Bexley 015,4633,4137,8770
E02000080,Bexley 016,5147,4918,10065
E02000081,Bexley 017,4336,3970,8306
E02000082,Bexley 018,4702,4634,9336
E02000083,Bexley 019,5817,5453,11270
E02000084,Bexley 020,5717,5398,11115
E02000085,Bexley 021,4173,3788,7961
E02000086,Bexley 022,3718,3460,7178
E02000087,Bexley 023,4195,4014,8209
E02000088,Bexley 024,3979,3771,7750
E02000089,Bexley 025,4000,3869,7869
E02000090,Bexley 026,5141,4497,9638
E02000091,Bexley 027,5378,4786,10164
E02000092,Bexley 028,3607,3146,6753
E02000093,Brent 001,5894,5983,11877
E02000094,Brent 002,5212,5250,10462
E02000095,Brent 003,5141,5320,10461
E02000096,Brent 004,3867,3765,7632
E02000097,Brent 005,4776,4756,9532
E02000098,Brent 006,4468,4276,8744
E02000099,Brent 007,4670,4890,9560
E02000100,Brent 008,4303,4016,8319
E02000101,Brent 009,5204,4733,9937
E02000102,Brent 010,4141,4187,8328
E02000103,Brent 011,5198,4775,9973
E02000104,Brent 012,3718,3787,7505
E02000105,Brent 013,4869,4975,9844
E02000106,Brent 014,5162,5191,10353
E02000107,Brent 015,5562,5375,10937
E02000108,Brent 016,3644,3615,7259
E02000110,Brent 018,4159,4016,8175
E02000111,Brent 019,5499,5785,11284
E02000112,Brent 020,5771,5978,11749
E02000113,Brent 021,5076,4554,9630
E02000114,Brent 022,4573,4423,8996
E02000115,Brent 023,4359,4263,8622
E02000116,Brent 024,4519,4030,8549
E02000117,Brent 025,6872,5861,12733
E02000118,Brent 026,5570,5724,11294
E02000119,Brent 027,5559,5065,10624
E02000120,Brent 028,4738,4279,9017
E02000121,Brent 029,6124,6116,12240
E02000122,Brent 030,4249,3928,8177
E02000123,Brent 031,7143,6435,13578
E02000124,Brent 032,5331,4623,9954
E02000125,Brent 033,5270,4671,9941
E02000126,Brent 034,4243,3951,8194
E02000127,Bromley 001,4963,4367,9330
E02000128,Bromley 002,3999,3790,7789
E02000130,Bromley 004,4471,3955,8426
E02000131,Bromley 005,5474,5011,10485
E02000132,Bromley 006,5089,4743,9832
E02000133,Bromley 007,5594,5159,10753
E02000134,Bromley 008,6112,5639,11751
E02000135,Bromley 009,5270,4601,9871
E02000136,Bromley 010,3011,2733,5744
E02000137,Bromley 011,4423,3979,8402
E02000138,Bromley 012,4462,4040,8502
E02000139,Bromley 013,4001,3713,7714
E02000140,Bromley 014,4562,4118,8680
E02000141,Bromley 015,3801,3431,7232
E02000142,Bromley 016,4635,4181,8816
E02000144,Bromley 018,5147,4916,10063
E02000145,Bromley 019,4768,4056,8824
E02000146,Bromley 020,5106,4597,9703
E02000147,Bromley 021,4124,4066,8190
E02000148,Bromley 022,3481,3242,6723
E02000149,Bromley 023,4244,3922,8166
E02000150,Bromley 024,4380,4136,8516
E02000151,Bromley 025,3895,3647,7542
E02000152,Bromley 026,4150,3816,7966
E02000153,Bromley 027,4164,3942,8106
E02000154,Bromley 028,4357,4171,8528
E02000155,Bromley 029,3700,3456,7156
E02000156,Bromley 030,6314,5978,12292
E02000157,Bromley 031,4322,4045,8367
E02000158,Bromley 032,4102,3686,7788
E02000159,Bromley 033,3666,3451,7117
E02000160,Bromley 034,4160,3948,8108
E02000161,Bromley 035,4464,4238,8702
E02000162,Bromley 036,3806,3315,7121
E02000163,Bromley 037,3973,3743,7716
E02000165,Bromley 039,3667,3505,7172
E02000166,Camden 001,4157,3588,7745
E02000167,Camden 002,3767,3432,7199
E02000168,Camden 003,4141,3673,7814
E02000169,Camden 004,3771,3406,7177
E02000170,Camden 005,4127,3789,7916
E02000171,Camden 006,3931,3460,7391
E02000172,Camden 007,5338,4660,9998
E02000173,Camden 008,3953,3540,7493
E02000174,Camden 009,4407,3679,8086
E02000175,Camden 010,4770,4312,9082
E02000176,Camden 011,3152,2762,5914
E02000177,Camden 012,4594,3894,8488
E02000178,Camden 013,4696,4207,8903
E02000179,Camden 014,3049,2699,5748
E02000180,Camden 015,4129,3750,7879
E02000181,Camden 016,4215,3861,8076
E02000182,Camden 017,3819,3298,7117
E02000183,Camden 018,3942,3649,7591
E02000184,Camden 019,4637,4271,8908
E02000185,Camden 020,4749,4132,8881
E02000186,Camden 021,3217,3006,6223
E02000187,Camden 022,5185,4599,9784
E02000188,Camden 023,3854,3325,7179
E02000191,Camden 026,2721,2616,5337
E02000192,Camden 027,3321,3338,6659
E02000193,Camden 028,2953,3008,5961
E02000194,Croydon 001,4840,4371,9211
E02000195,Croydon 002,5043,4606,9649
E02000196,Croydon 003,4152,3761,7913
E02000197,Croydon 004,4688,4337,9025
E02000198,Croydon 005,4695,4190,8885
E02000199,Croydon 006,4379,4034,8413
E02000200,Croydon 007,4767,4282,9049
E02000201,Croydon 008,4663,4029,8692
E02000202,Croydon 009,4600,4329,8929
E02000203,Croydon 010,4162,3803,7965
E02000204,Croydon 011,4955,4700,9655
E02000206,Croydon 013,5672,5146,10818
E02000207,Croydon 014,4713,4189,8902
E02000208,Croydon 015,5675,5187,10862
E02000209,Croydon 016,4704,4363,9067
E02000210,Croydon 017,4527,4186,8713
E02000211,Croydon 018,4311,3962,8273
E02000212,Croydon 019,4883,4579,9462
E02000213,Croydon 020,6458,6340,12798
E02000214,Croydon 021,3187,3049,6236
E02000215,Croydon 022,5944,5881,11825
E02000216,Croydon 023,3653,3509,7162
E02000217,Croydon 024,6129,5796,11925
E02000218,Croydon 025,3583,3088,6671
E02000219,Croydon 026,4001,3628,7629
E02000221,Croydon 028,5684,5174,10858
E02000222,Croydon 029,4324,4026,8350
E02000223,Croydon 030,4690,3840,8530
E02000224,Croydon 031,4185,3868,8053
E02000225,Croydon 032,3961,3538,7499
E02000226,Croydon 033,3896,3719,7615
E02000227,Croydon 034,6211,5470,11681
E02000228,Croydon 035,4055,3901,7956
E02000229,Croydon 036,3249,2986,6235
E02000230,Croydon 037,5394,5108,10502
E02000231,Croydon 038,4056,3874,7930
E02000232,Croydon 039,3257,2942,6199
E02000233,Croydon 040,3304,3060,6364
E02000234,Croydon 041,4898,4551,9449
E02000235,Croydon 042,3546,3345,6891
E02000236,Croydon 043,4632,4498,9130
E02000237,Croydon 044,3970,3631,7601
E02000238,Ealing 001,5325,5382,10707
E02000239,Ealing 002,4605,4437,9042
E02000240,Ealing 003,5753,5456,11209
E02000241,Ealing 004,3782,3613,7395
E02000242,Ealing 005,3386,3499,6885
E02000243,Ealing 006,4417,4305,8722
E02000244,Ealing 007,3811,4078,7889
E02000245,Ealing 008,4855,4453,9308
E02000246,Ealing 009,4768,4693,9461
E02000247,Ealing 010,5748,5407,11155
E02000248,Ealing 011,3838,3879,7717
E02000249,Ealing 012,4256,4122,8378
E02000250,Ealing 013,3338,3144,6482
E02000251,Ealing 014,4132,4181,8313
E02000252,Ealing 015,6290,5948,12238
E02000253,Ealing 016,5436,4908,10344
E02000254,Ealing 017,4549,4660,9209
E02000255,Ealing 018,5137,4725,9862
E02000256,Ealing 019,4678,4505,9183
E02000258,Ealing 021,3479,3422,6901
E02000259,Ealing 022,3340,3244,6584
E02000260,Ealing 023,4803,5032,9835
E02000261,Ealing 024,6573,6079,12652
E02000262,Ealing 025,4801,4547,9348
E02000263,Ealing 026,6601,7105,13706
E02000264,Ealing 027,4274,4220,8494
E02000265,Ealing 028,5777,5457,11234
E02000266,Ealing 029,6672,6442,13114
E02000267,Ealing 030,4209,3941,8150
E02000268,Ealing 031,4754,4496,9250
E02000269,Ealing 032,4257,3910,8167
E02000270,Ealing 033,4976,4631,9607
E02000271,Ealing 034,3665,3285,6950
E02000272,Ealing 035,3445,3268,6713
E02000275,Ealing 038,4028,4142,8170
E02000276,Ealing 039,3479,3282,6761
E02000277,Enfield 001,3931,3593,7524
E02000278,Enfield 002,5053,4377,9430
E02000279,Enfield 003,6547,5773,12320
E02000280,Enfield 004,4560,4074,8634
E02000281,Enfield 005,5113,4540,9653
E02000282,Enfield 006,5373,4578,9951
E02000283,Enfield 007,4452,4085,8537
E02000284,Enfield 008,4582,4159,8741
E02000285,Enfield 009,3441,3202,6643
E02000286,Enfield 010,4659,4029,8688
E02000287,Enfield 011,3811,3546,7357
E02000288,Enfield 012,6729,6055,12784
E02000289,Enfield 013,3493,3281,6774
E02000290,Enfield 014,3534,3153,6687
E02000291,Enfield 015,5368,4794,10162
E02000292,Enfield 016,5187,4650,9837
E02000293,Enfield 017,3276,3121,6397
E02000294,Enfield 018,4896,4473,9369
E02000295,Enfield 019,4531,4157,8688
E02000296,Enfield 020,5405,4938,10343
E02000297,Enfield 021,4795,4603,9398
E02000298,Enfield 022,4208,4045,8253
E02000299,Enfield 023,4972,4523,9495
E02000300,Enfield 024,4624,4231,8855
E02000301,Enfield 025,5506,4714,10220
E02000302,Enfield 026,4372,4296,8668
E02000303,Enfield 027,4411,3956,8367
E02000304,Enfield 028,4154,3885,8039
E02000305,Enfield 029,4558,4320,8878
E02000306,Enfield 030,4886,4248,9134
E02000307,Enfield 031,5258,4854,10112
E02000308,Enfield 032,4433,4326,8759
E02000309,Enfield 033,6050,5744,11794
E02000311,Enfield 035,5378,5166,10544
E02000312,Enfield 036,5754,5549,11303
E02000313,Greenwich 001,3337,3152,6489
E02000314,Greenwich 002,6694,7412,14106
E02000315,Greenwich 003,5076,4795,9871
E02000317,Greenwich 005,3922,3639,7561
E02000318,Greenwich 006,5618,5443,11061
E02000319,Greenwich 007,5329,5289,10618
E02000320,Greenwich 008,3559,3482,7041
E02000321,Greenwich 009,4084,3637,7721
E02000323,Greenwich 011,6708,6152,12860
E02000324,Greenwich 012,4094,3773,7867
E02000326,Greenwich 014,3959,3839,7798
E02000327,Greenwich 015,3434,3191,6625
E02000328,Greenwich 016,3405,3107,6512
E02000329,Greenwich 017,3290,3041,6331
E02000331,Greenwich 019,4284,3951,8235
E02000332,Greenwich 020,3785,3666,7451
E02000333,Greenwich 021,3248,2994,6242
E02000334,Greenwich 022,3393,3246,6639
E02000335,Greenwich 023,3446,3229,6675
E02000337,Greenwich 025,4380,4091,8471
E02000339,Greenwich 027,3273,3018,6291
E02000340,Greenwich 028,3532,3333,6865
E02000341,Greenwich 029,4228,3767,7995
E02000342,Greenwich 030,3443,2904,6347
E02000343,Greenwich 031,3614,3433,7047
E02000344,Greenwich 032,3257,3173,6430
E02000345,Hackney 001,4168,4031,8199
E02000346,Hackney 002,4901,4497,9398
E02000347,Hackney 003,4197,3956,8153
E02000348,Hackney 004,4177,3929,8106
E02000350,Hackney 006,5294,4947,10241
E02000351,Hackney 007,4855,4431,9286
E02000352,Hackney 008,3601,3148,6749
E02000353,Hackney 009,4029,3734,7763
E02000354,Hackney 010,5075,4534,9609
E02000355,Hackney 011,4359,3835,8194
E02000356,Hackney 012,3679,3355,7034
E02000357,Hackney 013,3579,3266,6845
E02000358,Hackney 014,5867,5223,11090
E02000359,Hackney 015,3578,3119,6697
E02000360,Hackney 016,6016,5496,11512
E02000361,Hackney 017,4288,3770,8058
E02000362,Hackney 018,3525,3436,6961
E02000363,Hackney 019,6370,5513,11883
E02000364,Hackney 020,4828,4389,9217
E02000366,Hackney 022,4406,3922,8328
E02000367,Hackney 023,5438,4982,10420
E02000368,Hackney 024,5262,4660,9922
E02000369,Hackney 025,6900,6558,13458
E02000370,Hackney 026,4605,4258,8863
E02000372,Hammersmith and Fulham 001,5117,4867,9984
E02000373,Hammersmith and Fulham 002,3826,3208,7034
E02000374,Hammersmith and Fulham 003,3761,3153,6914
E02000375,Hammersmith and Fulham 004,3912,3571,7483
E02000376,Hammersmith and Fulham 005,3454,3247,6701
E02000377,Hammersmith and Fulham 006,4099,3696,7795
E02000378,Hammersmith and Fulham 007,3402,3031,6433
E02000379,Hammersmith and Fulham 008,3965,3423,7388
E02000380,Hammersmith and Fulham 009,2870,2638,5508
E02000381,Hammersmith and Fulham 010,4052,3576,7628
E02000382,Hammersmith and Fulham 011,3228,2962,6190
E02000383,Hammersmith and Fulham 012,4562,3900,8462
E02000384,Hammersmith and Fulham 013,4404,3863,8267
E02000385,Hammersmith and Fulham 014,2882,2732,5614
E02000386,Hammersmith and Fulham 015,4048,3534,7582
E02000387,Hammersmith and Fulham 016,3196,2829,6025
E02000388,Hammersmith and Fulham 017,4503,4154,8657
E02000389,Hammersmith and Fulham 018,4544,4104,8648
E02000390,Hammersmith and Fulham 019,3312,2880,6192
E02000391,Hammersmith and Fulham 020,3937,3650,7587
E02000392,Hammersmith and Fulham 021,5063,4166,9229
E02000393,Hammersmith and Fulham 022,3276,2699,5975
E02000394,Hammersmith and Fulham 023,5048,4233,9281
E02000395,Hammersmith and Fulham 024,3082,2598,5680
E02000396,Hammersmith and Fulham 025,3671,3227,6898
E02000397,Haringey 001,4064,3843,7907
E02000398,Haringey 002,3927,3592,7519
E02000400,Haringey 004,4223,3765,7988
E02000401,Haringey 005,3611,3253,6864
E02000402,Haringey 006,3515,2957,6472
E02000403,Haringey 007,3854,3659,7513
E02000404,Haringey 008,3676,3435,7111
E02000405,Haringey 009,3375,3099,6474
E02000406,Haringey 010,3553,3183,6736
E02000407,Haringey 011,3868,3737,7605
E02000408,Haringey 012,4338,3914,8252
E02000409,Haringey 013,3194,2867,6061
E02000410,Haringey 014,3375,3043,6418
E02000411,Haringey 015,5892,5536,11428
E02000412,Haringey 016,3721,3602,7323
E02000413,Haringey 017,4099,3664,7763
E02000414,Haringey 018,3560,3519,7079
E02000415,Haringey 019,3750,3492,7242
E02000416,Haringey 020,4400,4053,8453
E02000417,Haringey 021,3362,3194,6556
E02000418,Haringey 022,2846,2585,5431
E02000419,Haringey 023,4428,4308,8736
E02000420,Haringey 024,4139,3849,7988
E02000421,Haringey 025,4419,4092,8511
E02000422,Haringey 026,3860,3598,7458
E02000423,Haringey 027,3496,3411,6907
E02000424,Haringey 028,3671,3083,6754
E02000425,Haringey 029,4020,4149,8169
E02000426,Haringey 030,3407,3085,6492
E02000427,Haringey 031,3327,3294,6621
E02000428,Haringey 032,4298,4136,8434
E02000429,Haringey 033,3520,3273,6793
E02000430,Haringey 034,3608,3314,6922
E02000431,Haringey 035,3063,2785,5848
E02000432,Haringey 036,3161,2959,6120
E02000433,Harrow 001,4615,3987,8602
E02000434,Harrow 002,5063,4785,9848
E02000435,Harrow 003,4289,3902,8191
E02000436,Harrow 004,2957,2801,5758
E02000437,Harrow 005,4523,4237,8760
E02000438,Harrow 006,4577,3971,8548
E02000439,Harrow 007,4646,4620,9266
E02000440,Harrow 008,4862,4743,9605
E02000441,Harrow 009,3880,3601,7481
E02000442,Harrow 010,4561,5024,9585
E02000443,Harrow 011,5492,5255,10747
E02000444,Harrow 012,4338,4377,8715
E02000445,Harrow 013,5927,5846,11773
E02000447,Harrow 015,4123,4069,8192
E02000448,Harrow 016,3668,3402,7070
E02000449,Harrow 017,4133,4162,8295
E02000451,Harrow 019,3436,3275,6711
E02000452,Harrow 020,4754,4749,9503
E02000453,Harrow 021,4232,4154,8386
E02000454,Harrow 022,3785,3554,7339
E02000455,Harrow 023,5869,5800,11669
E02000456,Harrow 024,3900,3923,7823
E02000457,Harrow 025,3550,3509,7059
E02000459,Harrow 027,4810,4516,9326
E02000460,Harrow 028,3776,3536,7312
E02000461,Harrow 029,3330,3960,7290
E02000462,Harrow 030,3547,3435,6982
E02000463,Harrow 031,4424,4282,8706
E02000464,Havering 001,4075,3682,7757
E02000465,Havering 002,4775,4571,9346
E02000466,Havering 003,4733,4336,9069
E02000467,Havering 004,5973,5484,11457
E02000468,Havering 005,4572,4078,8650
E02000469,Havering 006,3773,3510,7283
E02000470,Havering 007,5012,4770,9782
E02000471,Havering 008,3987,3833,7820
E02000472,Havering 009,4870,4602,9472
E02000473,Havering 010,5409,5084,10493
E02000474,Havering 011,4820,4365,9185
E02000475,Havering 012,4995,4617,9612
E02000476,Havering 013,4803,4560,9363
E02000477,Havering 014,4903,4632,9535
E02000478,Havering 015,3041,2949,5990
E02000479,Havering 016,4969,4480,9449
E02000480,Havering 017,7230,6612,13842
E02000481,Havering 018,4331,3903,8234
E02000482,Havering 019,3389,3199,6588
E02000483,Havering 020,4163,3838,8001
E02000484,Havering 021,4349,4143,8492
E02000485,Havering 022,4387,4089,8476
E02000486,Havering 023,3752,3603,7355
E02000487,Havering 024,4131,3781,7912
E02000488,Havering 025,3884,3695,7579
E02000489,Havering 026,4493,4142,8635
E02000490,Havering 027,4353,4118,8471
E02000491,Havering 028,5464,5175,10639
E02000492,Havering 029,3519,3311,6830
E02000493,Havering 030,3515,3222,6737
E02000494,Hillingdon 001,4204,3754,7958
E02000495,Hillingdon 002,5425,4992,10417
E02000496,Hillingdon 003,3982,3819,7801
E02000497,Hillingdon 004,4940,4582,9522
E02000498,Hillingdon 005,3331,3046,6377
E02000499,Hillingdon 006,3950,3777,7727
E02000500,Hillingdon 007,4256,4022,8278
E02000501,Hillingdon 008,4414,4061,8475
E02000502,Hillingdon 009,4603,4326,8929
E02000503,Hillingdon 010,4440,4248,8688
E02000504,Hillingdon 011,3905,3739,7644
E02000506,Hillingdon 013,4021,3940,7961
E02000507,Hillingdon 014,4199,4045,8244
E02000508,Hillingdon 015,6029,5920,11949
E02000509,Hillingdon 016,5165,5390,10555
E02000510,Hillingdon 017,4697,4418,9115
E02000511,Hillingdon 018,5011,4921,9932
E02000512,Hillingdon 019,4482,4341,8823
E02000513,Hillingdon 020,4988,4772,9760
E02000514,Hillingdon 021,5196,5478,10674
E02000515,Hillingdon 022,6580,6713,13293
E02000516,Hillingdon 023,4347,4299,8646
E02000517,Hillingdon 024,5310,5160,10470
E02000518,Hillingdon 025,5055,4577,9632
E02000519,Hillingdon 026,4815,4739,9554
E02000520,Hillingdon 027,6986,7076,14062
E02000521,Hillingdon 028,6687,6503,13190
E02000522,Hillingdon 029,4815,4759,9574
E02000523,Hillingdon 030,5542,5826,11368
E02000524,Hillingdon 031,3628,3907,7535
E02000525,Hillingdon 032,5017,5045,10062
E02000526,Hounslow 001,4466,4174,8640
E02000529,Hounslow 004,4930,4786,9716
E02000530,Hounslow 005,4146,3971,8117
E02000531,Hounslow 006,5935,5648,11583
E02000532,Hounslow 007,4581,4395,8976
E02000533,Hounslow 008,4328,4074,8402
E02000534,Hounslow 009,4313,4245,8558
E02000535,Hounslow 010,4964,5088,10052
E02000536,Hounslow 011,5491,5350,10841
E02000537,Hounslow 012,4704,5141,9845
E02000538,Hounslow 013,4955,5154,10109
E02000539,Hounslow 014,6412,5812,12224
E02000540,Hounslow 015,6121,6002,12123
E02000541,Hounslow 016,5156,5462,10618
E02000542,Hounslow 017,6022,6281,12303
E02000543,Hounslow 018,6878,7123,14001
E02000544,Hounslow 019,4250,4307,8557
E02000545,Hounslow 020,4891,4346,9237
E02000546,Hounslow 021,5065,5362,10427
E02000547,Hounslow 022,5531,5468,10999
E02000548,Hounslow 023,5475,5101,10576
E02000549,Hounslow 024,6227,6309,12536
E02000550,Hounslow 025,5443,5269,10712
E02000551,Hounslow 026,4903,4849,9752
E02000552,Hounslow 027,4495,4761,9256
E02000553,Hounslow 028,3579,3536,7115
E02000554,Islington 001,4978,4378,9356
E02000555,Islington 002,5116,4455,9571
E02000556,Islington 003,6112,5284,11396
E02000557,Islington 004,4707,4076,8783
E02000558,Islington 005,4971,4462,9433
E02000559,Islington 006,4979,4602,9581
E02000560,Islington 007,3741,3614,7355
E02000561,Islington 008,3806,3581,7387
E02000562,Islington 009,4085,3780,7865
E02000563,Islington 010,4523,4159,8682
E02000564,Islington 011,6431,5989,12420
E02000565,Islington 012,4484,4058,8542
E02000566,Islington 013,4527,4029,8556
E02000567,Islington 014,5582,4856,10438
E02000568,Islington 015,5731,5609,11340
E02000569,Islington 016,5324,4615,9939
E02000570,Islington 017,4208,4078,8286
E02000571,Islington 018,4568,4354,8922
E02000572,Islington 019,4742,3860,8602
E02000573,Islington 020,5319,4995,10314
E02000574,Islington 021,4108,3725,7833
E02000575,Islington 022,5727,5586,11313
E02000576,Islington 023,5519,5156,10675
E02000577,Kensington and Chelsea 001,3972,3741,7713
E02000578,Kensington and Chelsea 002,3196,2808,6004
E02000579,Kensington and Chelsea 003,4793,4200,8993
E02000580,Kensington and Chelsea 004,4153,3742,7895
E02000581,Kensington and Chelsea 005,3800,3592,7392
E02000582,Kensington and Chelsea 006,3622,2921,6543
E02000583,Kensington and Chelsea 007,3434,2994,6428
E02000584,Kensington and Chelsea 008,3768,3407,7175
E02000585,Kensington and Chelsea 009,4455,3633,8088
E02000586,Kensington and Chelsea 010,3451,3023,6474
E02000587,Kensington and Chelsea 011,3482,3014,6496
E02000588,Kensington and Chelsea 012,3151,2832,5983
E02000589,Kensington and Chelsea 013,3654,3596,7250
E02000590,Kensington and Chelsea 014,3317,2657,5974
E02000591,Kensington and Chelsea 015,3286,2926,6212
E02000592,Kensington and Chelsea 016,2994,2770,5764
E02000593,Kensington and Chelsea 017,3773,3620,7393
E02000594,Kensington and Chelsea 018,3642,2840,6482
E02000595,Kensington and Chelsea 019,3454,2710,6164
E02000596,Kensington and Chelsea 020,3454,3164,6618
E02000597,Kensington and Chelsea 021,3463,2873,6336
E02000598,Kingston upon Thames 001,4178,3915,8093
E02000599,Kingston upon Thames 002,3682,3326,7008
E02000600,Kingston upon Thames 003,4411,3949,8360
E02000601,Kingston upon Thames 004,6099,5805,11904
E02000602,Kingston upon Thames 005,5482,4831,10313
E02000603,Kingston upon Thames 006,4509,4127,8636
E02000604,Kingston upon Thames 007,4831,4410,9241
E02000605,Kingston upon Thames 008,4396,4093,8489
E02000606,Kingston upon Thames 009,5495,5066,10561
E02000607,Kingston upon Thames 010,3549,3244,6793
E02000608,Kingston upon Thames 011,3644,3555,7199
E02000609,Kingston upon Thames 012,3857,3771,7628
E02000610,Kingston upon Thames 013,4118,3835,7953
E02000611,Kingston upon Thames 014,3802,3638,7440
E02000612,Kingston upon Thames 015,4252,4000,8252
E02000613,Kingston upon Thames 016,4215,3878,8093
E02000614,Kingston upon Thames 017,4745,4549,9294
E02000615,Kingston upon Thames 018,4076,3804,7880
E02000616,Kingston upon Thames 019,3093,2968,6061
E02000617,Kingston upon Thames 020,4611,4252,8863
E02000619,Lambeth 002,4660,4439,9099
E02000620,Lambeth 003,4844,5001,9845
E02000621,Lambeth 004,6131,6389,12520
E02000622,Lambeth 005,4120,4284,8404
E02000623,Lambeth 006,4017,3842,7859
E02000624,Lambeth 007,4792,4839,9631
E02000625,Lambeth 008,4717,4585,9302
E02000626,Lambeth 009,4399,3963,8362
E02000627,Lambeth 010,5040,4516,9556
E02000628,Lambeth 011,5520,5265,10785
E02000629,Lambeth 012,4597,4520,9117
E02000630,Lambeth 013,3884,3654,7538
E02000631,Lambeth 014,4939,4586,9525
E02000632,Lambeth 015,4898,4688,9586
E02000633,Lambeth 016,4783,4377,9160
E02000634,Lambeth 017,3605,3168,6773
E02000635,Lambeth 018,5069,4743,9812
E02000636,Lambeth 019,3988,3729,7717
E02000637,Lambeth 020,4390,4013,8403
E02000638,Lambeth 021,5122,5133,10255
E02000639,Lambeth 022,4226,4095,8321
E02000640,Lambeth 023,4957,4336,9293
E02000641,Lambeth 024,4706,3924,8630
E02000642,Lambeth 025,5138,4671,9809
E02000643,Lambeth 026,4780,4598,9378
E02000644,Lambeth 027,4466,4055,8521
E02000645,Lambeth 028,5015,4518,9533
E02000646,Lambeth 029,4971,4526,9497
E02000647,Lambeth 030,4478,4115,8593
E02000648,Lambeth 031,4277,3548,7825
E02000649,Lambeth 032,6351,6126,12477
E02000650,Lambeth 033,4051,3615,7666
E02000651,Lambeth 034,4518,4217,8735
E02000652,Lambeth 035,3875,3684,7559
E02000653,Lewisham 001,6435,6173,12608
E02000654,Lewisham 002,4653,4134,8787
E02000655,Lewisham 003,5372,4910,10282
E02000657,Lewisham 005,5298,4608,9906
E02000658,Lewisham 006,4519,4100,8619
E02000659,Lewisham 007,4216,3847,8063
E02000660,Lewisham 008,4318,3888,8206
E02000661,Lewisham 009,3443,3050,6493
E02000662,Lewisham 010,4389,3906,8295
E02000663,Lewisham 011,3633,3163,6796
E02000665,Lewisham 013,4245,3910,8155
E02000666,Lewisham 014,3859,3330,7189
E02000667,Lewisham 015,3521,3166,6687
E02000668,Lewisham 016,3579,3281,6860
E02000669,Lewisham 017,4116,3856,7972
E02000670,Lewisham 018,3524,3182,6706
E02000671,Lewisham 019,4597,4143,8740
E02000672,Lewisham 020,5278,4994,10272
E02000673,Lewisham 021,4223,3916,8139
E02000674,Lewisham 022,4385,4069,8454
E02000675,Lewisham 023,4415,4112,8527
E02000676,Lewisham 024,4220,3596,7816
E02000677,Lewisham 025,3782,3428,7210
E02000678,Lewisham 026,3705,3256,6961
E02000679,Lewisham 027,4282,3851,8133
E02000680,Lewisham 028,3715,3320,7035
E02000681,Lewisham 029,4464,4009,8473
E02000682,Lewisham 030,4727,4205,8932
E02000683,Lewisham 031,3548,3220,6768
E02000685,Lewisham 033,4381,3750,8131
E02000686,Lewisham 034,3982,3555,7537
E02000687,Lewisham 035,4438,3831,8269
E02000689,Merton 001,4735,4319,9054
E02000690,Merton 002,2914,2609,5523
E02000691,Merton 003,3789,3566,7355
E02000692,Merton 004,4036,3619,7655
E02000693,Merton 005,5064,4789,9853
E02000694,Merton 006,4708,4395,9103
E02000695,Merton 007,4296,4345,8641
E02000696,Merton 008,4356,4274,8630
E02000697,Merton 009,4380,4348,8728
E02000698,Merton 010,4334,3901,8235
E02000699,Merton 011,4177,4037,8214
E02000700,Merton 012,4500,4161,8661
E02000701,Merton 013,4597,4414,9011
E02000702,Merton 014,4858,4465,9323
E02000703,Merton 015,4041,3923,7964
E02000704,Merton 016,4469,4132,8601
E02000705,Merton 017,4707,4620,9327
E02000706,Merton 018,5245,4790,10035
E02000707,Merton 019,4286,4020,8306
E02000708,Merton 020,4533,4354,8887
E02000709,Merton 021,4063,3914,7977
E02000710,Merton 022,4732,4454,9186
E02000711,Merton 023,4812,4634,9446
E02000712,Merton 024,4891,4775,9666
E02000713,Merton 025,4007,3795,7802
E02000714,Newham 001,3935,3776,7711
E02000715,Newham 002,3726,3571,7297
E02000716,Newham 003,3603,3747,7350
E02000717,Newham 004,4159,4198,8357
E02000718,Newham 005,3825,3581,7406
E02000719,Newham 006,4081,3995,8076
E02000720,Newham 007,3696,3793,7489
E02000721,Newham 008,4682,4862,9544
E02000722,Newham 009,4107,4034,8141
E02000723,Newham 010,5317,5878,11195
E02000724,Newham 011,4949,5078,10027
E02000725,Newham 012,4966,5021,9987
E02000727,Newham 014,4192,4326,8518
E02000728,Newham 015,4167,4360,8527
E02000729,Newham 016,3603,3724,7327
E02000730,Newham 017,4582,5348,9930
E02000731,Newham 018,4945,5017,9962
E02000732,Newham 019,4461,4439,8900
E02000733,Newham 020,5118,4978,10096
E02000734,Newham 021,3640,3662,7302
E02000735,Newham 022,4323,4286,8609
E02000736,Newham 023,4584,4620,9204
E02000737,Newham 024,5374,5005,10379
E02000738,Newham 025,4687,4891,9578
E02000739,Newham 026,3973,3751,7724
E02000740,Newham 027,3516,3251,6767
E02000741,Newham 028,4223,4022,8245
E02000742,Newham 029,4385,4320,8705
E02000743,Newham 030,5169,5112,10281
E02000744,Newham 031,4750,4422,9172
E02000745,Newham 032,4382,4216,8598
E02000746,Newham 033,4908,4519,9427
E02000747,Newham 034,6490,6608,13098
E02000748,Newham 035,3222,3051,6273
E02000749,Newham 036,4948,4604,9552
E02000751,Redbridge 001,5676,5483,11159
E02000752,Redbridge 002,4565,4217,8782
E02000753,Redbridge 003,3597,3323,6920
E02000754,Redbridge 004,3437,3331,6768
E02000755,Redbridge 005,2849,2634,5483
E02000756,Redbridge 006,7533,7061,14594
E02000757,Redbridge 007,6341,6052,12393
E02000758,Redbridge 008,3536,3349,6885
E02000759,Redbridge 009,6748,6340,13088
E02000760,Redbridge 010,3914,3620,7534
E02000762,Redbridge 012,3333,3288,6621
E02000763,Redbridge 013,4047,3968,8015
E02000764,Redbridge 014,6509,5798,12307
E02000765,Redbridge 015,3743,3785,7528
E02000767,Redbridge 017,4366,4259,8625
E02000768,Redbridge 018,2965,2823,5788
E02000770,Redbridge 020,4066,4059,8125
E02000772,Redbridge 022,4241,4142,8383
E02000773,Redbridge 023,5449,5283,10732
E02000774,Redbridge 024,3912,4197,8109
E02000776,Redbridge 026,3420,3619,7039
E02000777,Redbridge 027,3076,2927,6003
E02000779,Redbridge 029,4240,4178,8418
E02000781,Redbridge 031,8113,8179,16292
E02000782,Redbridge 032,5802,5685,11487
E02000783,Redbridge 033,3631,3764,7395
E02000784,Richmond upon Thames 001,5299,4831,10130
E02000785,Richmond upon Thames 002,5066,4648,9714
E02000786,Richmond upon Thames 003,6031,5341,11372
E02000787,Richmond upon Thames 004,6294,5792,12086
E02000788,Richmond upon Thames 005,4715,4379,9094
E02000789,Richmond upon Thames 006,3318,2983,6301
E02000790,Richmond upon Thames 007,3409,3177,6586
E02000791,Richmond upon Thames 008,3343,3129,6472
E02000792,Richmond upon Thames 009,3702,3446,7148
E02000793,Richmond upon Thames 010,4031,4076,8107
E02000794,Richmond upon Thames 011,3558,3457,7015
E02000795,Richmond upon Thames 012,3575,3352,6927
E02000796,Richmond upon Thames 013,5662,5425,11087
E02000797,Richmond upon Thames 014,4030,3838,7868
E02000798,Richmond upon Thames 015,5987,5319,11306
E02000799,Richmond upon Thames 016,3439,3166,6605
E02000800,Richmond upon Thames 017,2822,2589,5411
E02000801,Richmond upon Thames 018,3760,3350,7110
E02000802,Richmond upon Thames 019,3644,3378,7022
E02000803,Richmond upon Thames 020,5066,4650,9716
E02000804,Richmond upon Thames 021,3791,3358,7149
E02000805,Richmond upon Thames 022,5489,5266,10755
E02000806,Richmond upon Thames 023,5288,5011,10299
E02000807,Southwark 001,4042,4185,8227
E02000808,Southwark 002,5070,5099,10169
E02000810,Southwark 004,6035,5861,11896
E02000812,Southwark 006,5638,5150,10788
E02000813,Southwark 007,5235,4988,10223
E02000814,Southwark 008,5065,5226,10291
E02000815,Southwark 009,3937,3676,7613
E02000816,Southwark 010,4956,4653,9609
E02000817,Southwark 011,3507,3314,6821
E02000818,Southwark 012,4899,4892,9791
E02000819,Southwark 013,4358,4141,8499
E02000820,Southwark 014,4680,4565,9245
E02000821,Southwark 015,4885,4473,9358
E02000822,Southwark 016,3520,3199,6719
E02000823,Southwark 017,4543,4142,8685
E02000824,Southwark 018,5228,4675,9903
E02000825,Southwark 019,5444,4781,10225
E02000826,Southwark 020,5125,4755,9880
E02000827,Southwark 021,5843,5469,11312
E02000828,Southwark 022,4627,4186,8813
E02000829,Southwark 023,5820,5105,10925
E02000830,Southwark 024,4480,4404,8884
E02000831,Southwark 025,4922,4431,9353
E02000832,Southwark 026,5100,4588,9688
E02000833,Southwark 027,3982,3505,7487
E02000834,Southwark 028,5028,4360,9388
E02000835,Southwark 029,4102,3580,7682
E02000836,Southwark 030,4263,4033,8296
E02000837,Southwark 031,4425,4134,8559
E02000838,Southwark 032,4983,4514,9497
E02000839,Southwark 033,4337,4143,8480
E02000840,Sutton 001,4867,4454,9321
E02000841,Sutton 002,4846,4342,9188
E02000842,Sutton 003,4260,4019,8279
E02000843,Sutton 004,4896,4574,9470
E02000844,Sutton 005,4465,4192,8657
E02000845,Sutton 006,4872,4548,9420
E02000846,Sutton 007,3940,3675,7615
E02000847,Sutton 008,4808,4613,9421
E02000848,Sutton 009,4131,4008,8139
E02000849,Sutton 010,4211,3966,8177
E02000850,Sutton 011,5541,5295,10836
E02000851,Sutton 012,5991,5590,11581
E02000852,Sutton 013,4228,3918,8146
E02000853,Sutton 014,4221,3951,8172
E02000854,Sutton 015,3937,3673,7610
E02000855,Sutton 016,4265,3939,8204
E02000856,Sutton 017,4699,4631,9330
E02000857,Sutton 018,4716,4279,8995
E02000858,Sutton 019,4463,4105,8568
E02000859,Sutton 020,4506,3981,8487
E02000860,Sutton 021,4476,4309,8785
E02000861,Sutton 022,3923,3853,7776
E02000863,Sutton 024,3415,3322,6737
E02000864,Tower Hamlets 001,5791,5472,11263
E02000865,Tower Hamlets 002,4162,3799,7961
E02000866,Tower Hamlets 003,5347,5298,10645
E02000867,Tower Hamlets 004,5781,5547,11328
E02000868,Tower Hamlets 005,3658,3538,7196
E02000869,Tower Hamlets 006,3023,2908,5931
E02000870,Tower Hamlets 007,3230,3141,6371
E02000871,Tower Hamlets 008,5836,5678,11514
E02000872,Tower Hamlets 009,4033,4112,8145
E02000873,Tower Hamlets 010,5099,4751,9850
E02000874,Tower Hamlets 011,3774,3722,7496
E02000875,Tower Hamlets 012,6809,6762,13571
E02000876,Tower Hamlets 013,3443,3830,7273
E02000877,Tower Hamlets 014,6771,7038,13809
E02000878,Tower Hamlets 015,5068,5365,10433
E02000879,Tower Hamlets 016,4141,4202,8343
E02000880,Tower Hamlets 017,3234,3280,6514
E02000881,Tower Hamlets 018,5418,5413,10831
E02000882,Tower Hamlets 019,5917,5583,11500
E02000883,Tower Hamlets 020,4605,4682,9287
E02000884,Tower Hamlets 021,6168,6601,12769
E02000885,Tower Hamlets 022,3521,3533,7054
E02000886,Tower Hamlets 023,4443,5148,9591
E02000887,Tower Hamlets 024,5383,5418,10801
E02000888,Tower Hamlets 025,4182,4438,8620
E02000889,Tower Hamlets 026,4306,4659,8965
E02000890,Tower Hamlets 027,2818,2997,5815
E02000893,Tower Hamlets 030,3791,3621,7412
E02000894,Tower Hamlets 031,5536,5471,11007
E02000895,Waltham Forest 001,4270,4099,8369
E02000896,Waltham Forest 002,4830,4498,9328
E02000897,Waltham Forest 003,4550,4017,8567
E02000898,Waltham Forest 004,4075,3936,8011
E02000899,Waltham Forest 005,4522,4289,8811
E02000900,Waltham Forest 006,4562,4411,8973
E02000901,Waltham Forest 007,5340,5152,10492
E02000902,Waltham Forest 008,5150,4810,9960
E02000903,Waltham Forest 009,5352,4923,10275
E02000904,Waltham Forest 010,4265,4159,8424
E02000905,Waltham Forest 011,5389,5084,10473
E02000906,Waltham Forest 012,5030,4623,9653
E02000907,Waltham Forest 013,5458,5122,10580
E02000908,Waltham Forest 014,6703,6199,12902
E02000909,Waltham Forest 015,4797,4450,9247
E02000910,Waltham Forest 016,5783,5646,11429
E02000911,Waltham Forest 017,6618,6345,12963
E02000912,Waltham Forest 018,4919,4824,9743
E02000913,Waltham Forest 019,4776,4866,9642
E02000914,Waltham Forest 020,5891,5907,11798
E02000915,Waltham Forest 021,4143,3968,8111
E02000916,Waltham Forest 022,5321,5242,10563
E02000917,Waltham Forest 023,4914,4675,9589
E02000918,Waltham Forest 024,4548,4775,9323
E02000919,Waltham Forest 025,4636,4603,9239
E02000920,Waltham Forest 026,5224,5075,10299
E02000921,Waltham Forest 027,5616,5583,11199
E02000922,Waltham Forest 028,5268,5193,10461
E02000923,Wandsworth 001,3953,3573,7526
E02000925,Wandsworth 003,4203,3697,7900
E02000926,Wandsworth 004,6075,5565,11640
E02000927,Wandsworth 005,3728,3372,7100
E02000928,Wandsworth 006,4407,3949,8356
E02000929,Wandsworth 007,4330,3774,8104
E02000930,Wandsworth 008,5337,4744,10081
E02000931,Wandsworth 009,4491,4327,8818
E02000932,Wandsworth 010,6671,6172,12843
E02000933,Wandsworth 011,4716,4151,8867
E02000934,Wandsworth 012,4679,4237,8916
E02000935,Wandsworth 013,4038,3334,7372
E02000936,Wandsworth 014,5029,4337,9366
E02000937,Wandsworth 015,4297,3864,8161
E02000938,Wandsworth 016,5724,5042,10766
E02000939,Wandsworth 017,4003,3816,7819
E02000940,Wandsworth 018,4820,4504,9324
E02000941,Wandsworth 019,5360,4815,10175
E02000942,Wandsworth 020,5030,4656,9686
E02000943,Wandsworth 021,4617,4104,8721
E02000944,Wandsworth 022,4022,3616,7638
E02000945,Wandsworth 023,4115,3727,7842
E02000946,Wandsworth 024,4066,4369,8435
E02000947,Wandsworth 025,4959,4382,9341
E02000948,Wandsworth 026,5258,4769,10027
E02000949,Wandsworth 027,5298,4705,10003
E02000950,Wandsworth 028,3996,3589,7585
E02000951,Wandsworth 029,3434,2995,6429
E02000952,Wandsworth 030,3267,2879,6146
E02000953,Wandsworth 031,4113,3392,7505
E02000954,Wandsworth 032,3274,2825,6099
E02000955,Wandsworth 033,3648,3241,6889
E02000956,Wandsworth 034,4044,3376,7420
E02000957,Wandsworth 035,5671,5190,10861
E02000958,Wandsworth 036,4317,3959,8276
E02000959,Wandsworth 037,4110,3756,7866
E02000960,Westminster 001,3293,2862,6155
E02000961,Westminster 002,5118,4696,9814
E02000962,Westminster 003,4117,3586,7703
E02000963,Westminster 004,5548,4974,10522
E02000964,Westminster 005,6493,5649,12142
E02000965,Westminster 006,4085,3791,7876
E02000966,Westminster 007,4758,4494,9252
E02000967,Westminster 008,3149,2907,6056
E02000968,Westminster 009,7610,6870,14480
E02000969,Westminster 010,5108,4499,9607
E02000970,Westminster 011,3464,3373,6837
E02000971,Westminster 012,3615,3858,7473
E02000972,Westminster 013,3828,4051,7879
E02000973,Westminster 014,5094,4861,9955
E02000974,Westminster 015,4403,4302,8705
E02000975,Westminster 016,3709,3709,7418
E02000976,Westminster 017,4352,4080,8432
E02000977,Westminster 018,2976,3412,6388
E02000978,Westminster 019,3769,3359,7128
E02000979,Westminster 020,4136,3954,8090
E02000980,Westminster 021,4478,4246,8724
E02000981,Westminster 022,4042,4229,8271
E02000982,Westminster 023,4153,3485,7638
E02000983,Westminster 024,4032,3663,7695
E02003237,Peterborough 001,3170,2985,6155
E02003238,Peterborough 002,2966,2771,5737
E02003239,Peterborough 003,4252,4077,8329
E02003240,Peterborough 004,3373,3498,6871
E02003241,Peterborough 005,3739,3441,7180
E02003242,Peterborough 006,4399,4047,8446
E02003243,Peterborough 007,6216,5953,12169
E02003244,Peterborough 008,5113,4922,10035
E02003245,Peterborough 009,4168,4076,8244
E02003246,Peterborough 010,4800,5232,10032
E02003247,Peterborough 011,4471,4378,8849
E02003248,Peterborough 012,5802,5772,11574
E02003249,Peterborough 013,6506,6316,12822
E02003250,Peterborough 014,5863,6191,12054
E02003251,Peterborough 015,4040,3882,7922
E02003252,Peterborough 016,6299,6228,12527
E02003253,Peterborough 017,5160,5106,10266
E02003254,Peterborough 018,4698,4540,9238
E02003255,Peterborough 019,7041,6683,13724
E02003257,Peterborough 021,4891,4728,9619
E02003258,Luton 001,4372,4238,8610
E02003259,Luton 002,3527,3272,6799
E02003260,Luton 003,4754,4195,8949
E02003261,Luton 004,3335,3107,6442
E02003262,Luton 005,5697,5492,11189
E02003263,Luton 006,6558,6416,12974
E02003264,Luton 007,4971,4880,9851
E02003265,Luton 008,4169,4063,8232
E02003266,Luton 009,5184,4930,10114
E02003267,Luton 010,7293,7348,14641
E02003268,Luton 011,6473,6476,12949
E02003269,Luton 012,5399,5375,10774
E02003270,Luton 013,4427,4379,8806
E02003271,Luton 014,5044,5171,10215
E02003272,Luton 015,5616,5737,11353
E02003273,Luton 016,6090,5941,12031
E02003274,Luton 017,5711,5828,11539
E02003276,Luton 019,4297,4852,9149
E02003277,Luton 020,5802,5811,11613
E02003278,Luton 021,6392,6885,13277
E02003279,Southend-on-Sea 001,4845,4606,9451
E02003280,Southend-on-Sea 002,5420,5162,10582
E02003281,Southend-on-Sea 003,4892,4550,9442
E02003282,Southend-on-Sea 004,5473,5214,10687
E02003283,Southend-on-Sea 005,5669,5325,10994
E02003284,Southend-on-Sea 006,5789,5419,11208
E02003285,Southend-on-Sea 007,5760,5524,11284
E02003286,Southend-on-Sea 008,4778,4590,9368
E02003287,Southend-on-Sea 009,5341,4810,10151
E02003288,Southend-on-Sea 010,6599,6409,13008
E02003289,Southend-on-Sea 011,5118,4773,9891
E02003290,Southend-on-Sea 012,5062,4864,9926
E02003291,Southend-on-Sea 013,6050,5626,11676
E02003292,Southend-on-Sea 014,6123,5969,12092
E02003293,Southend-on-Sea 015,5847,5845,11692
E02003294,Southend-on-Sea 016,4733,4383,9116
E02003295,Southend-on-Sea 017,5275,4844,10119
E02003296,Thurrock 001,3591,3494,7085
E02003297,Thurrock 002,3806,3506,7312
E02003298,Thurrock 003,3658,3439,7097
E02003299,Thurrock 004,3273,3144,6417
E02003300,Thurrock 005,4538,4410,8948
E02003301,Thurrock 006,6135,5895,12030
E02003302,Thurrock 007,5298,5110,10408
E02003303,Thurrock 008,4850,4668,9518
E02003304,Thurrock 009,4963,4685,9648
E02003305,Thurrock 010,3626,3455,7081
E02003307,Thurrock 012,5478,5144,10622
E02003308,Thurrock 013,3973,3740,7713
E02003309,Thurrock 014,3945,3825,7770
E02003311,Thurrock 016,4632,4672,9304
E02003312,Thurrock 017,4808,4616,9424
E02003313,Thurrock 018,7717,7102,14819
E02003314,Medway 001,3496,3279,6775
E02003315,Medway 002,2861,2863,5724
E02003316,Medway 003,6286,5856,12142
E02003317,Medway 004,3641,3438,7079
E02003318,Medway 005,3043,2925,5968
E02003319,Medway 006,4228,4012,8240
E02003320,Medway 007,4489,4913,9402
E02003321,Medway 008,3369,3123,6492
E02003322,Medway 009,3949,4087,8036
E02003323,Medway 010,3835,3551,7386
E02003324,Medway 011,5166,4912,10078
E02003325,Medway 012,3757,3603,7360
E02003326,Medway 013,3960,3807,7767
E02003327,Medway 014,3833,3623,7456
E02003328,Medway 015,4960,4959,9919
E02003329,Medway 016,3508,3370,6878
E02003330,Medway 017,3479,3303,6782
E02003331,Medway 018,4594,4263,8857
E02003332,Medway 019,3288,2996,6284
E02003333,Medway 020,3418,3386,6804
E02003334,Medway 021,3108,3109,6217
E02003335,Medway 022,3856,3574,7430
E02003336,Medway 023,3258,3098,6356
E02003337,Medway 024,3505,3914,7419
E02003338,Medway 025,3829,3471,7300
E02003339,Medway 026,3297,3144,6441
E02003340,Medway 027,4165,3925,8090
E02003341,Medway 028,3364,3238,6602
E02003342,Medway 029,3256,3166,6422
E02003343,Medway 030,3036,2936,5972
E02003344,Medway 031,3499,3303,6802
E02003345,Medway 032,3252,3002,6254
E02003346,Medway 033,3616,3471,7087
E02003347,Medway 034,3079,3018,6097
E02003348,Medway 035,4154,3940,8094
E02003349,Medway 036,3826,3564,7390
E02003350,Medway 037,3301,3158,6459
E02003351,Medway 038,4087,3829,7916
E02003352,Bracknell Forest 001,2999,2775,5774
E02003353,Bracknell Forest 002,6113,5980,12093
E02003354,Bracknell Forest 003,5261,5005,10266
E02003355,Bracknell Forest 004,3537,3420,6957
E02003356,Bracknell Forest 005,3797,3365,7162
E02003357,Bracknell Forest 006,5146,5047,10193
E02003358,Bracknell Forest 007,5958,5913,11871
E02003359,Bracknell Forest 008,3209,3114,6323
E02003360,Bracknell Forest 009,5889,5734,11623
E02003361,Bracknell Forest 010,3811,3629,7440
E02003362,Bracknell Forest 011,3430,3291,6721
E02003363,Bracknell Forest 012,3621,3477,7098
E02003364,Bracknell Forest 013,3500,3515,7015
E02003365,Bracknell Forest 014,3503,3436,6939
E02003366,Bracknell Forest 015,3389,3743,7132
E02003367,West Berkshire 001,3313,3219,6532
E02003368,West Berkshire 002,2908,2788,5696
E02003369,West Berkshire 003,3195,3204,6399
E02003370,West Berkshire 004,3483,3248,6731
E02003371,West Berkshire 005,3023,2923,5946
E02003372,West Berkshire 006,3959,3889,7848
E02003373,West Berkshire 007,4546,4109,8655
E02003374,West Berkshire 008,2966,2897,5863
E02003375,West Berkshire 009,3144,3049,6193
E02003376,West Berkshire 010,3064,2802,5866
E02003377,West Berkshire 011,5159,5253,10412
E02003378,West Berkshire 012,4063,3946,8009
E02003379,West Berkshire 013,3518,3460,6978
E02003380,West Berkshire 014,4055,4091,8146
E02003381,West Berkshire 015,3094,3020,6114
E02003382,West Berkshire 016,3878,3666,7544
E02003383,West Berkshire 017,3511,3408,6919
E02003384,West Berkshire 018,3273,3206,6479
E02003385,West Berkshire 019,5522,5659,11181
E02003386,West Berkshire 020,4181,4126,8307
E02003387,West Berkshire 021,4863,4726,9589
E02003388,West Berkshire 022,3027,3013,6040
E02003389,Reading 001,4053,3944,7997
E02003390,Reading 002,3927,3825,7752
E02003391,Reading 003,4556,4032,8588
E02003392,Reading 004,4370,4331,8701
E02003393,Reading 005,4232,3929,8161
E02003394,Reading 006,4405,4252,8657
E02003395,Reading 007,5553,5721,11274
E02003396,Reading 008,4803,5033,9836
E02003397,Reading 009,4327,3897,8224
E02003398,Reading 010,5655,5876,11531
E02003400,Reading 012,4547,4423,8970
E02003401,Reading 013,4555,4615,9170
E02003402,Reading 014,5173,5535,10708
E02003403,Reading 015,4870,4512,9382
E02003404,Reading 016,4426,4215,8641
E02003405,Reading 017,6465,6606,13071
E02003406,Reading 018,4114,4131,8245
E02003407,Slough 001,5624,5286,10910
E02003408,Slough 002,5603,5689,11292
E02003409,Slough 003,5354,5090,10444
E02003410,Slough 004,6194,6050,12244
E02003411,Slough 005,6334,6170,12504
E02003412,Slough 006,5252,5154,10406
E02003414,Slough 008,6986,6768,13754
E02003415,Slough 009,6667,6841,13508
E02003416,Slough 010,4971,4841,9812
E02003417,Slough 011,6456,6350,12806
E02003418,Slough 012,5267,5054,10321
E02003419,Slough 013,4603,4380,8983
E02003420,Slough 014,3228,3190,6418
E02003421,Windsor and Maidenhead 001,2966,2707,5673
E02003422,Windsor and Maidenhead 002,6046,5803,11849
E02003423,Windsor and Maidenhead 003,3381,3205,6586
E02003424,Windsor and Maidenhead 004,4747,4564,9311
E02003425,Windsor and Maidenhead 005,6554,6512,13066
E02003426,Windsor and Maidenhead 006,5144,4659,9803
E02003427,Windsor and Maidenhead 007,4144,4040,8184
E02003428,Windsor and Maidenhead 008,4652,4511,9163
E02003429,Windsor and Maidenhead 009,3914,3828,7742
E02003430,Windsor and Maidenhead 010,3057,4465,7522
E02003431,Windsor and Maidenhead 011,3596,3410,7006
E02003432,Windsor and Maidenhead 012,3681,3415,7096
E02003433,Windsor and Maidenhead 013,3345,3126,6471
E02003434,Windsor and Maidenhead 014,4760,4431,9191
E02003435,Windsor and Maidenhead 015,3669,3473,7142
E02003436,Windsor and Maidenhead 016,4534,4503,9037
E02003437,Windsor and Maidenhead 017,3842,3577,7419
E02003438,Windsor and Maidenhead 018,6045,5188,11233
E02003439,Wokingham 001,2840,2687,5527
E02003440,Wokingham 002,4674,4599,9273
E02003441,Wokingham 003,3883,3788,7671
E02003442,Wokingham 004,4329,4160,8489
E02003443,Wokingham 005,3556,3431,6987
E02003444,Wokingham 006,4676,4700,9376
E02003445,Wokingham 007,4455,4319,8774
E02003446,Wokingham 008,5047,4758,9805
E02003447,Wokingham 009,5526,5187,10713
E02003448,Wokingham 010,4125,3995,8120
E02003449,Wokingham 011,3736,3752,7488
E02003450,Wokingham 012,6595,6597,13192
E02003451,Wokingham 013,5178,4540,9718
E02003452,Wokingham 014,4846,4648,9494
E02003453,Wokingham 015,3559,3421,6980
E02003454,Wokingham 016,4530,4223,8753
E02003455,Wokingham 017,5428,5216,10644
E02003456,Wokingham 018,4208,4062,8270
E02003457,Wokingham 019,4966,4836,9802
E02003458,Wokingham 020,4121,4302,8423
E02003459,Milton Keynes 001,4633,4374,9007
E02003460,Milton Keynes 002,5950,5725,11675
E02003461,Milton Keynes 003,3900,3578,7478
E02003462,Milton Keynes 004,4164,3944,8108
E02003463,Milton Keynes 005,3447,3366,6813
E02003464,Milton Keynes 006,3585,3481,7066
E02003465,Milton Keynes 007,3115,2956,6071
E02003466,Milton Keynes 008,3877,3911,7788
E02003467,Milton Keynes 009,3366,3222,6588
E02003468,Milton Keynes 010,4465,4156,8621
E02003469,Milton Keynes 011,2883,2846,5729
E02003470,Milton Keynes 012,3203,2991,6194
E02003471,Milton Keynes 013,3322,3306,6628
E02003472,Milton Keynes 014,4671,5531,10202
E02003473,Milton Keynes 015,2744,2864,5608
E02003474,Milton Keynes 016,4475,4541,9016
E02003476,Milton Keynes 018,4325,4457,8782
E02003478,Milton Keynes 020,3527,3311,6838
E02003479,Milton Keynes 021,3893,3788,7681
E02003480,Milton Keynes 022,4119,4033,8152
E02003481,Milton Keynes 023,4274,4099,8373
E02003482,Milton Keynes 024,4496,4248,8744
E02003483,Milton Keynes 025,5690,5525,11215
E02003484,Milton Keynes 026,3719,3434,7153
E02003485,Milton Keynes 027,4301,3964,8265
E02003486,Milton Keynes 028,5219,4969,10188
E02003487,Milton Keynes 029,3816,3572,7388
E02003488,Milton Keynes 030,4302,4166,8468
E02003489,Milton Keynes 031,3930,3708,7638
E02003490,Milton Keynes 032,5786,5416,11202
E02003491,Brighton and Hove 001,4014,3776,7790
E02003492,Brighton and Hove 002,5391,4724,10115
E02003493,Brighton and Hove 003,4173,3889,8062
E02003494,Brighton and Hove 004,3451,3189,6640
E02003495,Brighton and Hove 005,3785,3370,7155
E02003496,Brighton and Hove 006,4001,3750,7751
E02003497,Brighton and Hove 007,3841,3740,7581
E02003498,Brighton and Hove 008,4398,4149,8547
E02003499,Brighton and Hove 009,3994,3855,7849
E02003500,Brighton and Hove 010,4198,3874,8072
E02003501,Brighton and Hove 011,4260,4125,8385
E02003502,Brighton and Hove 012,4003,3777,7780
E02003503,Brighton and Hove 013,4716,4364,9080
E02003504,Brighton and Hove 014,4342,4214,8556
E02003505,Brighton and Hove 015,4614,4353,8967
E02003506,Brighton and Hove 016,3668,3495,7163
E02003507,Brighton and Hove 017,5059,4714,9773
E02003508,Brighton and Hove 018,4515,4190,8705
E02003509,Brighton and Hove 019,4566,4324,8890
E02003510,Brighton and Hove 020,4435,4216,8651
E02003511,Brighton and Hove 021,4534,4112,8646
E02003512,Brighton and Hove 022,4766,4189,8955
E02003513,Brighton and Hove 023,3442,3046,6488
E02003514,Brighton and Hove 024,4115,4351,8466
E02003515,Brighton and Hove 025,4731,4358,9089
E02003516,Brighton and Hove 026,4151,4029,8180
E02003517,Brighton and Hove 027,5154,5584,10738
E02003518,Brighton and Hove 028,3920,3656,7576
E02003519,Brighton and Hove 029,3948,4290,8238
E02003520,Brighton and Hove 030,4441,4730,9171
E02003521,Brighton and Hove 031,3796,4282,8078
E02003522,Brighton and Hove 032,3851,3956,7807
E02003523,Brighton and Hove 033,5268,4890,10158
E02003524,Portsmouth 001,4195,3920,8115
E02003525,Portsmouth 002,3407,3033,6440
E02003526,Portsmouth 003,3527,3304,6831
E02003527,Portsmouth 004,3238,3144,6382
E02003529,Portsmouth 006,4348,3980,8328
E02003530,Portsmouth 007,4025,3840,7865
E02003531,Portsmouth 008,3908,3812,7720
E02003532,Portsmouth 009,3972,3901,7873
E02003533,Portsmouth 010,2988,2797,5785
E02003534,Portsmouth 011,4453,4441,8894
E02003535,Portsmouth 012,4864,4800,9664
E02003536,Portsmouth 013,4210,3802,8012
E02003537,Portsmouth 014,5217,5044,10261
E02003538,Portsmouth 015,5127,5229,10356
E02003540,Portsmouth 017,4857,4577,9434
E02003541,Portsmouth 018,5513,5424,10937
E02003542,Portsmouth 019,4335,4496,8831
E02003543,Portsmouth 020,4212,4573,8785
E02003544,Portsmouth 021,3258,3061,6319
E02003545,Portsmouth 022,3252,3496,6748
E02003546,Portsmouth 023,4017,3910,7927
E02003547,Portsmouth 024,3853,4234,8087
E02003548,Portsmouth 025,3043,3122,6165
E02003549,Southampton 001,4216,4278,8494
E02003550,Southampton 002,4040,3847,7887
E02003551,Southampton 003,3078,3410,6488
E02003552,Southampton 004,3144,2991,6135
E02003553,Southampton 005,3444,3831,7275
E02003554,Southampton 006,3124,2946,6070
E02003555,Southampton 007,4429,4274,8703
E02003556,Southampton 008,2907,2844,5751
E02003557,Southampton 009,3343,3456,6799
E02003558,Southampton 010,3725,3524,7249
E02003559,Southampton 011,4010,3827,7837
E02003560,Southampton 012,3824,3644,7468
E02003561,Southampton 013,3871,4052,7923
E02003562,Southampton 014,4183,4135,8318
E02003563,Southampton 015,4072,3946,8018
E02003564,Southampton 016,4241,3845,8086
E02003565,Southampton 017,3130,3629,6759
E02003566,Southampton 018,3331,3071,6402
E02003567,Southampton 019,4068,3995,8063
E02003568,Southampton 020,3965,4301,8266
E02003569,Southampton 021,3764,4052,7816
E02003570,Southampton 022,5375,6234,11609
E02003571,Southampton 023,4347,4619,8966
E02003572,Southampton 024,3102,3076,6178
E02003573,Southampton 025,4130,3745,7875
E02003574,Southampton 026,3831,3829,7660
E02003575,Southampton 027,3398,3136,6534
E02003576,Southampton 028,4115,4011,8126
E02003578,Southampton 030,3180,3157,6337
E02003579,Southampton 031,4892,4693,9585
E02003580,Southampton 032,3182,3019,6201
E02003581,Isle of Wight 001,4053,3747,7800
E02003582,Isle of Wight 002,4476,4107,8583
E02003583,Isle of Wight 003,3962,3745,7707
E02003584,Isle of Wight 004,3046,3081,6127
E02003585,Isle of Wight 005,3469,3129,6598
E02003586,Isle of Wight 006,4042,3650,7692
E02003587,Isle of Wight 007,4464,4109,8573
E02003588,Isle of Wight 008,4349,4915,9264
E02003589,Isle of Wight 009,3785,3626,7411
E02003590,Isle of Wight 010,3826,3499,7325
E02003591,Isle of Wight 011,4854,4562,9416
E02003592,Isle of Wight 012,5091,4602,9693
E02003593,Isle of Wight 013,2718,2540,5258
E02003594,Isle of Wight 014,4844,4456,9300
E02003595,Isle of Wight 015,4160,3862,8022
E02003596,Isle of Wight 016,4533,4179,8712
E02003597,Isle of Wight 017,2929,2771,5700
E02003598,Isle of Wight 018,3766,3509,7275
E02003599,Central Bedfordshire 001,2892,2857,5749
E02003600,Central Bedfordshire 002,3264,3164,6428
E02003601,Central Bedfordshire 003,4135,4021,8156
E02003602,Central Bedfordshire 004,3372,3191,6563
E02003603,Central Bedfordshire 005,5663,5651,11314
E02003604,Central Bedfordshire 006,5706,5521,11227
E02003605,Central Bedfordshire 007,5088,5206,10294
E02003606,Central Bedfordshire 008,4744,4581,9325
E02003607,Central Bedfordshire 009,5776,5430,11206
E02003608,Central Bedfordshire 010,6226,5959,12185
E02003609,Central Bedfordshire 011,5945,5901,11846
E02003610,Central Bedfordshire 012,4588,4384,8972
E02003611,Central Bedfordshire 013,5047,4841,9888
E02003612,Central Bedfordshire 014,6405,6015,12420
E02003613,Central Bedfordshire 015,2884,2830,5714
E02003614,Central Bedfordshire 016,4086,4055,8141
E02003615,Central Bedfordshire 017,5313,5193,10506
E02003616,Bedford 001,2908,2765,5673
E02003617,Bedford 002,4596,4439,9035
E02003618,Bedford 003,4556,4201,8757
E02003619,Bedford 004,6067,5787,11854
E02003620,Bedford 005,4150,4011,8161
E02003621,Bedford 006,4163,3898,8061
E02003622,Bedford 007,4815,4395,9210
E02003623,Bedford 008,6518,6310,12828
E02003624,Bedford 009,2950,2985,5935
E02003625,Bedford 010,4234,4636,8870
E02003626,Bedford 011,2847,2761,5608
E02003627,Bedford 012,5181,5466,10647
E02003628,Bedford 013,4830,4948,9778
E02003629,Bedford 014,5499,5185,10684
E02003630,Bedford 015,5784,5587,11371
E02003631,Bedford 016,2814,2693,5507
E02003632,Bedford 017,3165,3042,6207
E02003633,Bedford 018,5365,5197,10562
E02003635,Bedford 020,5348,4998,10346
E02003636,Central Bedfordshire 018,3740,3542,7282
E02003637,Central Bedfordshire 019,5404,5294,10698
E02003638,Central Bedfordshire 020,3843,3844,7687
E02003639,Central Bedfordshire 021,4921,4663,9584
E02003640,Central Bedfordshire 022,3007,3038,6045
E02003641,Central Bedfordshire 023,2709,2649,5358
E02003642,Central Bedfordshire 025,4828,4778,9606
E02003643,Central Bedfordshire 024,6952,6774,13726
E02003644,Central Bedfordshire 026,5149,4908,10057
E02003645,Central Bedfordshire 027,3463,3520,6983
E02003646,Central Bedfordshire 028,5373,5294,10667
E02003647,Central Bedfordshire 029,5325,5182,10507
E02003648,Central Bedfordshire 030,2799,2722,5521
E02003649,Central Bedfordshire 031,3326,3280,6606
E02003650,Central Bedfordshire 032,3537,3459,6996
E02003651,Central Bedfordshire 033,3613,3380,6993
E02003652,Buckinghamshire 001,5360,5196,10556
E02003653,Buckinghamshire 002,3487,3265,6752
E02003654,Buckinghamshire 003,2963,2825,5788
E02003655,Buckinghamshire 004,5272,5090,10362
E02003656,Buckinghamshire 005,3447,3193,6640
E02003657,Buckinghamshire 006,3808,3660,7468
E02003658,Buckinghamshire 007,5129,4879,10008
E02003659,Buckinghamshire 009,5040,4748,9788
E02003660,Buckinghamshire 008,5484,5318,10802
E02003661,Buckinghamshire 010,2742,3150,5892
E02003662,Buckinghamshire 012,3137,3077,6214
E02003663,Buckinghamshire 011,7229,6879,14108
E02003664,Buckinghamshire 013,4129,3992,8121
E02003665,Buckinghamshire 014,2995,3188,6183
E02003666,Buckinghamshire 015,3786,3812,7598
E02003667,Buckinghamshire 016,4747,4644,9391
E02003668,Buckinghamshire 018,4486,4282,8768
E02003669,Buckinghamshire 017,3674,3742,7416
E02003670,Buckinghamshire 019,4681,4480,9161
E02003671,Buckinghamshire 020,3055,2910,5965
E02003672,Buckinghamshire 021,6397,6063,12460
E02003673,Buckinghamshire 022,4904,4545,9449
E02003674,Buckinghamshire 023,2887,2671,5558
E02003675,Buckinghamshire 024,4687,4966,9653
E02003676,Buckinghamshire 029,4138,4008,8146
E02003677,Buckinghamshire 027,5335,5073,10408
E02003678,Buckinghamshire 028,2939,2882,5821
E02003679,Buckinghamshire 030,3564,3304,6868
E02003680,Buckinghamshire 031,5032,4793,9825
E02003681,Buckinghamshire 032,5383,5181,10564
E02003682,Buckinghamshire 034,3877,3696,7573
E02003683,Buckinghamshire 035,3751,3413,7164
E02003685,Buckinghamshire 047,4155,3851,8006
E02003686,Buckinghamshire 050,3941,3618,7559
E02003687,Buckinghamshire 054,3051,2768,5819
E02003688,Buckinghamshire 053,6375,5860,12235
E02003689,Buckinghamshire 058,4759,4502,9261
E02003690,Buckinghamshire 059,3917,3557,7474
E02003691,Buckinghamshire 063,3766,3528,7294
E02003692,Buckinghamshire 064,4625,4264,8889
E02003693,Buckinghamshire 065,3704,3513,7217
E02003694,Buckinghamshire 066,4416,4027,8443
E02003695,Buckinghamshire 067,5487,5320,10807
E02003696,Buckinghamshire 026,4505,4042,8547
E02003697,Buckinghamshire 025,3233,3077,6310
E02003698,Buckinghamshire 033,4165,4105,8270
E02003699,Buckinghamshire 037,2984,2868,5852
E02003701,Buckinghamshire 038,6242,6060,12302
E02003702,Buckinghamshire 040,4090,4098,8188
E02003703,Buckinghamshire 041,4459,4506,8965
E02003704,Buckinghamshire 045,2938,2873,5811
E02003705,Buckinghamshire 042,3551,3556,7107
E02003706,Buckinghamshire 043,3465,3303,6768
E02003707,Buckinghamshire 044,3402,3348,6750
E02003708,Buckinghamshire 046,4793,4982,9775
E02003709,Buckinghamshire 048,2966,2795,5761
E02003710,Buckinghamshire 049,6742,6178,12920
E02003711,Buckinghamshire 051,4946,4800,9746
E02003712,Buckinghamshire 052,4235,3900,8135
E02003713,Buckinghamshire 055,3065,2834,5899
E02003714,Buckinghamshire 056,3467,3283,6750
E02003715,Buckinghamshire 057,3324,3247,6571
E02003716,Buckinghamshire 060,3064,2866,5930
E02003717,Buckinghamshire 062,4798,4313,9111
E02003718,Buckinghamshire 061,2942,2720,5662
E02003719,Cambridge 001,5044,5269,10313
E02003720,Cambridge 002,4878,4842,9720
E02003721,Cambridge 003,4826,4890,9716
E02003722,Cambridge 004,4311,4174,8485
E02003723,Cambridge 005,6175,6806,12981
E02003724,Cambridge 006,5122,5220,10342
E02003725,Cambridge 007,7957,8289,16246
E02003726,Cambridge 008,4155,4075,8230
E02003727,Cambridge 009,5010,5179,10189
E02003728,Cambridge 010,5411,5413,10824
E02003729,Cambridge 011,4705,4638,9343
E02003731,Cambridge 013,6085,5842,11927
E02003732,East Cambridgeshire 001,4982,4928,9910
E02003733,East Cambridgeshire 002,4285,4187,8472
E02003734,East Cambridgeshire 003,6181,5779,11960
E02003735,East Cambridgeshire 004,4413,4200,8613
E02003736,East Cambridgeshire 005,5216,5063,10279
E02003737,East Cambridgeshire 006,6719,6523,13242
E02003738,East Cambridgeshire 007,3218,3181,6399
E02003739,East Cambridgeshire 008,3257,3150,6407
E02003740,East Cambridgeshire 009,3256,3024,6280
E02003742,Fenland 001,3474,3334,6808
E02003743,Fenland 002,5683,5396,11079
E02003744,Fenland 003,7002,6716,13718
E02003745,Fenland 004,5302,5059,10361
E02003746,Fenland 005,3771,4044,7815
E02003747,Fenland 006,6546,6134,12680
E02003748,Fenland 007,4009,3650,7659
E02003749,Fenland 008,3113,3014,6127
E02003750,Fenland 009,3857,3631,7488
E02003751,Fenland 010,3853,3690,7543
E02003752,Fenland 011,5655,5532,11187
E02003753,Huntingdonshire 001,5737,5462,11199
E02003754,Huntingdonshire 002,2887,2775,5662
E02003755,Huntingdonshire 003,4357,4240,8597
E02003756,Huntingdonshire 004,3621,3464,7085
E02003757,Huntingdonshire 005,3579,3371,6950
E02003758,Huntingdonshire 006,4843,4839,9682
E02003759,Huntingdonshire 007,2967,2927,5894
E02003760,Huntingdonshire 008,4578,4479,9057
E02003761,Huntingdonshire 009,3036,2938,5974
E02003762,Huntingdonshire 010,5883,5665,11548
E02003763,Huntingdonshire 011,4817,4783,9600
E02003764,Huntingdonshire 012,5224,5175,10399
E02003765,Huntingdonshire 013,3664,3555,7219
E02003766,Huntingdonshire 014,3976,3913,7889
E02003767,Huntingdonshire 015,3208,3166,6374
E02003768,Huntingdonshire 016,5146,4893,10039
E02003769,Huntingdonshire 017,3241,4221,7462
E02003770,Huntingdonshire 018,5548,5387,10935
E02003771,Huntingdonshire 019,3191,3093,6284
E02003772,Huntingdonshire 020,3412,3303,6715
E02003773,Huntingdonshire 021,5321,5220,10541
E02003774,Huntingdonshire 022,2913,2814,5727
E02003775,South Cambridgeshire 001,3686,3553,7239
E02003776,South Cambridgeshire 002,3411,3368,6779
E02003777,South Cambridgeshire 003,5024,4913,9937
E02003778,South Cambridgeshire 004,3311,3214,6525
E02003780,South Cambridgeshire 006,5784,5644,11428
E02003781,South Cambridgeshire 007,3074,3018,6092
E02003784,South Cambridgeshire 010,4584,4307,8891
E02003785,South Cambridgeshire 011,4583,4369,8952
E02003786,South Cambridgeshire 012,3357,3178,6535
E02003787,South Cambridgeshire 013,3938,3719,7657
E02003788,South Cambridgeshire 014,4107,4014,8121
E02003789,South Cambridgeshire 015,3739,3532,7271
E02003790,South Cambridgeshire 016,4791,4513,9304
E02003791,South Cambridgeshire 017,4162,4106,8268
E02003792,South Cambridgeshire 018,5041,4833,9874
E02003793,South Cambridgeshire 019,3667,3571,7238
E02004356,Eastbourne 001,3815,3577,7392
E02004357,Eastbourne 002,4013,3673,7686
E02004358,Eastbourne 003,4281,3760,8041
E02004359,Eastbourne 004,4116,3635,7751
E02004361,Eastbourne 006,4321,3867,8188
E02004362,Eastbourne 007,4639,4186,8825
E02004363,Eastbourne 008,3552,3409,6961
E02004364,Eastbourne 009,4393,3807,8200
E02004365,Eastbourne 010,4184,4240,8424
E02004366,Eastbourne 011,3958,3685,7643
E02004367,Eastbourne 012,3630,3117,6747
E02004368,Hastings 001,4217,4076,8293
E02004369,Hastings 002,5296,4754,10050
E02004370,Hastings 003,4213,3893,8106
E02004371,Hastings 004,3794,3343,7137
E02004372,Hastings 005,3769,3380,7149
E02004373,Hastings 006,4469,4327,8796
E02004374,Hastings 007,3802,3490,7292
E02004375,Hastings 008,4224,4140,8364
E02004376,Hastings 009,3411,3467,6878
E02004377,Hastings 010,5534,5175,10709
E02004378,Hastings 011,4120,4101,8221
E02004379,Lewes 001,3886,3764,7650
E02004380,Lewes 002,5051,4593,9644
E02004381,Lewes 003,4886,4489,9375
E02004382,Lewes 004,3409,3104,6513
E02004383,Lewes 005,3730,3609,7339
E02004384,Lewes 006,3812,3582,7394
E02004385,Lewes 007,3996,3663,7659
E02004386,Lewes 008,3362,3259,6621
E02004387,Lewes 009,3107,2962,6069
E02004388,Lewes 010,3983,3793,7776
E02004389,Lewes 011,4868,4474,9342
E02004390,Lewes 012,4255,3779,8034
E02004391,Lewes 013,3448,3040,6488
E02004392,Rother 001,4727,4556,9283
E02004393,Rother 002,3284,3065,6349
E02004394,Rother 003,4007,3902,7909
E02004395,Rother 004,3982,3641,7623
E02004396,Rother 005,4773,4465,9238
E02004397,Rother 006,4309,3827,8136
E02004398,Rother 007,5015,4306,9321
E02004399,Rother 008,4343,3704,8047
E02004400,Rother 009,5548,4982,10530
E02004401,Rother 010,4109,3602,7711
E02004402,Rother 011,4790,4170,8960
E02004403,Wealden 001,3402,3032,6434
E02004404,Wealden 002,3266,3140,6406
E02004405,Wealden 003,3114,2915,6029
E02004406,Wealden 004,3764,3522,7286
E02004407,Wealden 005,4253,3850,8103
E02004408,Wealden 006,4232,4143,8375
E02004409,Wealden 007,2729,2594,5323
E02004410,Wealden 008,4052,3938,7990
E02004411,Wealden 009,4485,4025,8510
E02004412,Wealden 010,4188,3892,8080
E02004413,Wealden 011,3753,3570,7323
E02004414,Wealden 012,3360,3166,6526
E02004415,Wealden 013,3403,3296,6699
E02004416,Wealden 014,3304,3171,6475
E02004417,Wealden 015,3436,3081,6517
E02004418,Wealden 016,3042,2749,5791
E02004419,Wealden 017,3324,3008,6332
E02004420,Wealden 018,7274,6675,13949
E02004421,Wealden 019,4859,4480,9339
E02004422,Wealden 020,5754,5352,11106
E02004423,Wealden 021,4020,3538,7558
E02004424,Basildon 001,3644,3471,7115
E02004425,Basildon 002,3843,3500,7343
E02004426,Basildon 003,4100,4001,8101
E02004427,Basildon 004,4178,3886,8064
E02004428,Basildon 005,3624,3340,6964
E02004429,Basildon 006,3863,3713,7576
E02004430,Basildon 007,4257,4181,8438
E02004431,Basildon 008,4983,4739,9722
E02004432,Basildon 009,3247,3196,6443
E02004433,Basildon 010,4533,4203,8736
E02004434,Basildon 011,4385,4161,8546
E02004435,Basildon 012,5048,4742,9790
E02004436,Basildon 013,4145,3763,7908
E02004437,Basildon 014,5246,4822,10068
E02004438,Basildon 015,5088,4525,9613
E02004439,Basildon 016,5090,4793,9883
E02004440,Basildon 017,4685,4478,9163
E02004441,Basildon 018,4023,3806,7829
E02004442,Basildon 019,4439,4177,8616
E02004443,Basildon 020,5276,5038,10314
E02004444,Basildon 021,4601,4443,9044
E02004445,Basildon 022,4206,4092,8298
E02004446,Braintree 001,3520,3501,7021
E02004447,Braintree 002,2999,2972,5971
E02004448,Braintree 003,3980,3837,7817
E02004449,Braintree 004,4567,4315,8882
E02004450,Braintree 005,3146,3133,6279
E02004451,Braintree 006,4849,4645,9494
E02004452,Braintree 007,4757,4583,9340
E02004453,Braintree 008,3829,3623,7452
E02004454,Braintree 009,4731,4710,9441
E02004455,Braintree 010,4040,3908,7948
E02004456,Braintree 011,4962,4870,9832
E02004457,Braintree 012,5427,5185,10612
E02004458,Braintree 013,4950,4586,9536
E02004459,Braintree 014,5309,5100,10409
E02004460,Braintree 015,4994,4774,9768
E02004461,Braintree 016,2989,2753,5742
E02004462,Braintree 017,5945,5639,11584
E02004463,Braintree 018,4151,3988,8139
E02004464,Brentwood 001,5097,4769,9866
E02004465,Brentwood 002,3302,3062,6364
E02004466,Brentwood 003,4265,3966,8231
E02004467,Brentwood 004,4259,3979,8238
E02004468,Brentwood 005,5382,5236,10618
E02004469,Brentwood 006,3735,3529,7264
E02004470,Brentwood 007,6009,5756,11765
E02004471,Brentwood 008,4410,4108,8518
E02004472,Brentwood 009,3129,3055,6184
E02004473,Castle Point 001,4051,3772,7823
E02004474,Castle Point 002,4150,3802,7952
E02004475,Castle Point 003,3365,3261,6626
E02004476,Castle Point 004,4142,3937,8079
E02004477,Castle Point 005,3155,2891,6046
E02004478,Castle Point 006,3465,3221,6686
E02004479,Castle Point 007,4118,3929,8047
E02004480,Castle Point 008,3543,3432,6975
E02004481,Castle Point 009,3472,3173,6645
E02004482,Castle Point 010,4349,3993,8342
E02004483,Castle Point 011,4145,3853,7998
E02004484,Castle Point 012,4269,4096,8365
E02004485,Chelmsford 001,5082,4779,9861
E02004486,Chelmsford 002,4449,4181,8630
E02004487,Chelmsford 003,3938,3688,7626
E02004488,Chelmsford 004,5132,4866,9998
E02004489,Chelmsford 005,4835,4662,9497
E02004490,Chelmsford 006,4124,3783,7907
E02004491,Chelmsford 007,3750,3727,7477
E02004492,Chelmsford 008,4733,4615,9348
E02004493,Chelmsford 009,5226,5123,10349
E02004495,Chelmsford 011,4386,3923,8309
E02004496,Chelmsford 012,4124,4100,8224
E02004497,Chelmsford 013,4006,3819,7825
E02004498,Chelmsford 014,5065,4826,9891
E02004499,Chelmsford 015,3445,3392,6837
E02004500,Chelmsford 016,4770,4475,9245
E02004501,Chelmsford 017,3628,3421,7049
E02004502,Chelmsford 018,3586,3645,7231
E02004503,Chelmsford 019,4065,3952,8017
E02004504,Chelmsford 020,4104,3905,8009
E02004505,Chelmsford 021,3301,3207,6508
E02004506,Colchester 001,3653,3495,7148
E02004507,Colchester 002,4962,4727,9689
E02004508,Colchester 003,3339,3227,6566
E02004512,Colchester 007,5754,5560,11314
E02004513,Colchester 008,5790,5559,11349
E02004514,Colchester 009,3074,2750,5824
E02004515,Colchester 010,4899,4810,9709
E02004516,Colchester 011,6838,6541,13379
E02004517,Colchester 012,4980,4632,9612
E02004518,Colchester 013,4031,4050,8081
E02004519,Colchester 014,3921,3577,7498
E02004520,Colchester 015,4892,4809,9701
E02004521,Colchester 016,4898,4547,9445
E02004522,Colchester 017,4608,4376,8984
E02004523,Colchester 018,5386,5116,10502
E02004524,Colchester 019,4175,4125,8300
E02004525,Colchester 020,4180,3908,8088
E02004526,Colchester 021,3767,3454,7221
E02004527,Epping Forest 001,4700,4581,9281
E02004528,Epping Forest 002,4414,4403,8817
E02004529,Epping Forest 003,3726,3648,7374
E02004530,Epping Forest 004,3724,3414,7138
E02004531,Epping Forest 005,3736,3426,7162
E02004532,Epping Forest 006,3323,3092,6415
E02004533,Epping Forest 007,3972,3742,7714
E02004534,Epping Forest 008,4614,4459,9073
E02004535,Epping Forest 009,3106,2965,6071
E02004536,Epping Forest 010,3172,3064,6236
E02004537,Epping Forest 011,4968,4558,9526
E02004538,Epping Forest 012,5098,4765,9863
E02004539,Epping Forest 013,4070,3853,7923
E02004540,Epping Forest 014,3118,2916,6034
E02004541,Epping Forest 015,6088,5662,11750
E02004542,Epping Forest 016,3557,3442,6999
E02004543,Epping Forest 017,4001,3601,7602
E02004544,Harlow 001,5705,5478,11183
E02004545,Harlow 002,4111,3860,7971
E02004546,Harlow 003,4284,4128,8412
E02004547,Harlow 004,5243,4818,10061
E02004548,Harlow 005,4565,4376,8941
E02004549,Harlow 006,4189,3969,8158
E02004550,Harlow 007,4501,4320,8821
E02004551,Harlow 008,3950,3659,7609
E02004552,Harlow 009,3362,3230,6592
E02004553,Harlow 010,4101,3745,7846
E02004554,Harlow 011,3909,3824,7733
E02004555,Maldon 001,3284,3203,6487
E02004556,Maldon 002,3847,3705,7552
E02004557,Maldon 003,4623,4287,8910
E02004558,Maldon 004,3624,3285,6909
E02004559,Maldon 005,4112,3917,8029
E02004560,Maldon 006,4555,4529,9084
E02004561,Maldon 007,5208,5181,10389
E02004562,Maldon 008,4564,4288,8852
E02004563,Rochford 001,3394,3199,6593
E02004564,Rochford 002,4035,3880,7915
E02004566,Rochford 004,2909,2745,5654
E02004567,Rochford 005,4185,3940,8125
E02004568,Rochford 006,4549,4313,8862
E02004569,Rochford 007,4469,4181,8650
E02004570,Rochford 008,4565,4126,8691
E02004571,Rochford 009,4065,3750,7815
E02004572,Rochford 010,4065,3862,7927
E02004573,Tendring 001,3314,3104,6418
E02004574,Tendring 002,4069,3794,7863
E02004575,Tendring 003,6259,5830,12089
E02004576,Tendring 004,4704,4435,9139
E02004577,Tendring 005,3046,3062,6108
E02004578,Tendring 006,4075,3552,7627
E02004579,Tendring 007,4030,3883,7913
E02004580,Tendring 008,6474,5811,12285
E02004581,Tendring 009,4317,4190,8507
E02004582,Tendring 010,3678,3294,6972
E02004583,Tendring 011,4558,4349,8907
E02004584,Tendring 012,3464,3120,6584
E02004585,Tendring 013,4709,4329,9038
E02004586,Tendring 014,4323,3923,8246
E02004587,Tendring 015,4031,3705,7736
E02004588,Tendring 016,3680,3529,7209
E02004589,Tendring 017,3876,3537,7413
E02004590,Tendring 018,4207,4028,8235
E02004591,Uttlesford 001,3965,3661,7626
E02004592,Uttlesford 002,6813,6314,13127
E02004593,Uttlesford 003,4531,4435,8966
E02004594,Uttlesford 004,4148,4164,8312
E02004595,Uttlesford 005,7557,7280,14837
E02004596,Uttlesford 006,5353,5267,10620
E02004597,Uttlesford 007,4687,4337,9024
E02004598,Uttlesford 008,5659,5375,11034
E02004599,Uttlesford 009,3979,3814,7793
E02004675,Basingstoke and Deane 001,3912,3813,7725
E02004676,Basingstoke and Deane 002,4054,3933,7987
E02004677,Basingstoke and Deane 003,3828,3742,7570
E02004678,Basingstoke and Deane 004,3839,3739,7578
E02004679,Basingstoke and Deane 005,5670,5441,11111
E02004680,Basingstoke and Deane 006,3940,3908,7848
E02004681,Basingstoke and Deane 007,7616,7314,14930
E02004682,Basingstoke and Deane 008,4173,4165,8338
E02004683,Basingstoke and Deane 009,4070,4089,8159
E02004684,Basingstoke and Deane 010,5801,5573,11374
E02004685,Basingstoke and Deane 011,3768,4119,7887
E02004686,Basingstoke and Deane 012,4393,4439,8832
E02004687,Basingstoke and Deane 013,3907,3785,7692
E02004688,Basingstoke and Deane 014,3972,3873,7845
E02004689,Basingstoke and Deane 015,2939,2751,5690
E02004690,Basingstoke and Deane 016,4085,4041,8126
E02004691,Basingstoke and Deane 017,4083,3868,7951
E02004692,Basingstoke and Deane 018,3671,3561,7232
E02004693,Basingstoke and Deane 019,3762,3684,7446
E02004694,Basingstoke and Deane 020,3810,3729,7539
E02004695,Basingstoke and Deane 021,4386,4367,8753
E02004696,Basingstoke and Deane 022,3807,3737,7544
E02004697,East Hampshire 001,3563,3273,6836
E02004698,East Hampshire 002,3412,3193,6605
E02004699,East Hampshire 003,5500,5212,10712
E02004700,East Hampshire 004,3479,3426,6905
E02004702,East Hampshire 006,4047,3972,8019
E02004703,East Hampshire 007,6467,6144,12611
E02004704,East Hampshire 008,3132,3072,6204
E02004705,East Hampshire 009,5114,4657,9771
E02004706,East Hampshire 010,3941,3675,7616
E02004707,East Hampshire 011,5769,5441,11210
E02004708,East Hampshire 012,5095,4527,9622
E02004709,East Hampshire 013,4503,4240,8743
E02004710,East Hampshire 014,3344,3210,6554
E02004712,Eastleigh 001,4483,4285,8768
E02004713,Eastleigh 002,4109,3923,8032
E02004714,Eastleigh 003,3900,3614,7514
E02004715,Eastleigh 004,4545,4500,9045
E02004716,Eastleigh 005,4430,4321,8751
E02004717,Eastleigh 006,6635,6353,12988
E02004718,Eastleigh 007,4374,4318,8692
E02004719,Eastleigh 008,5845,5686,11531
E02004720,Eastleigh 009,5836,5485,11321
E02004721,Eastleigh 010,6067,5717,11784
E02004722,Eastleigh 011,3631,3380,7011
E02004723,Eastleigh 012,5101,4757,9858
E02004724,Eastleigh 013,4877,4793,9670
E02004725,Eastleigh 014,2802,2640,5442
E02004726,Eastleigh 015,3109,2927,6036
E02004727,Fareham 001,5212,5043,10255
E02004728,Fareham 002,4696,4402,9098
E02004729,Fareham 003,3735,3511,7246
E02004730,Fareham 004,4442,4231,8673
E02004731,Fareham 005,3874,3705,7579
E02004732,Fareham 006,4593,4250,8843
E02004733,Fareham 007,4116,3902,8018
E02004734,Fareham 008,5194,4918,10112
E02004735,Fareham 009,3858,3622,7480
E02004736,Fareham 010,4121,3990,8111
E02004737,Fareham 011,3872,3700,7572
E02004738,Fareham 012,3712,3496,7208
E02004739,Fareham 013,3596,3628,7224
E02004740,Fareham 014,3698,3395,7093
E02004741,Gosport 001,3830,3667,7497
E02004742,Gosport 002,3637,3416,7053
E02004743,Gosport 003,3726,3587,7313
E02004744,Gosport 004,5004,4814,9818
E02004745,Gosport 005,4276,4235,8511
E02004746,Gosport 006,5752,5359,11111
E02004747,Gosport 007,3158,3089,6247
E02004748,Gosport 008,4781,4611,9392
E02004749,Gosport 009,3753,3421,7174
E02004750,Gosport 010,3924,3912,7836
E02004751,Hart 001,4377,4059,8436
E02004752,Hart 002,3999,3954,7953
E02004753,Hart 003,5451,6065,11516
E02004754,Hart 004,3769,3395,7164
E02004755,Hart 005,6180,5986,12166
E02004756,Hart 006,4848,4811,9659
E02004757,Hart 007,3990,3904,7894
E02004758,Hart 008,4657,4496,9153
E02004759,Hart 009,4239,3987,8226
E02004760,Hart 010,5535,5189,10724
E02004761,Hart 011,3220,3299,6519
E02004764,Havant 003,4197,3978,8175
E02004765,Havant 004,3090,2958,6048
E02004766,Havant 005,3699,3416,7115
E02004767,Havant 006,3026,2793,5819
E02004768,Havant 007,2794,2582,5376
E02004769,Havant 008,3324,3061,6385
E02004770,Havant 009,3529,3321,6850
E02004771,Havant 010,4672,4295,8967
E02004772,Havant 011,4767,4573,9340
E02004774,Havant 013,5380,4889,10269
E02004775,Havant 014,5355,4959,10314
E02004776,Havant 015,3084,2864,5948
E02004777,Havant 016,2766,2493,5259
E02004778,Havant 017,3218,2966,6184
E02004779,New Forest 001,5651,5272,10923
E02004780,New Forest 002,3058,2817,5875
E02004781,New Forest 003,4111,3896,8007
E02004782,New Forest 004,3969,3767,7736
E02004783,New Forest 005,3587,3448,7035
E02004784,New Forest 006,2859,2786,5645
E02004785,New Forest 007,2815,2676,5491
E02004786,New Forest 008,4231,4015,8246
E02004787,New Forest 009,3790,3486,7276
E02004788,New Forest 010,3653,3571,7224
E02004789,New Forest 011,5427,5008,10435
E02004790,New Forest 012,4300,3807,8107
E02004791,New Forest 013,2842,2714,5556
E02004792,New Forest 014,4274,4183,8457
E02004793,New Forest 015,3852,3539,7391
E02004794,New Forest 016,3582,3309,6891
E02004795,New Forest 017,4435,4079,8514
E02004796,New Forest 018,5037,4593,9630
E02004797,New Forest 019,4222,3902,8124
E02004798,New Forest 020,3188,2956,6144
E02004799,New Forest 021,4247,3696,7943
E02004800,New Forest 022,3993,3411,7404
E02004801,New Forest 023,4120,3611,7731
E02004802,Rushmoor 001,3479,3271,6750
E02004803,Rushmoor 002,3841,3648,7489
E02004804,Rushmoor 003,3577,3578,7155
E02004805,Rushmoor 004,4291,4278,8569
E02004806,Rushmoor 005,4039,3995,8034
E02004807,Rushmoor 006,4836,4627,9463
E02004808,Rushmoor 007,5736,6387,12123
E02004809,Rushmoor 008,5309,5605,10914
E02004810,Rushmoor 009,4081,4005,8086
E02004811,Rushmoor 010,3981,3991,7972
E02004812,Rushmoor 011,3349,3392,6741
E02004813,Rushmoor 012,3349,3115,6464
E02004814,Test Valley 001,3595,3446,7041
E02004815,Test Valley 002,3771,3602,7373
E02004817,Test Valley 004,3847,3644,7491
E02004818,Test Valley 005,5074,5168,10242
E02004819,Test Valley 006,3930,3867,7797
E02004820,Test Valley 007,3645,3643,7288
E02004821,Test Valley 008,2656,2571,5227
E02004822,Test Valley 009,4067,3958,8025
E02004823,Test Valley 010,4519,4139,8658
E02004824,Test Valley 011,3189,2668,5857
E02004825,Test Valley 012,5576,5326,10902
E02004826,Test Valley 013,5037,4728,9765
E02004827,Test Valley 014,3761,3600,7361
E02004828,Test Valley 015,3711,3539,7250
E02004829,Winchester 001,3002,2916,5918
E02004830,Winchester 002,3508,3436,6944
E02004831,Winchester 003,5294,5196,10490
E02004832,Winchester 004,4460,4016,8476
E02004833,Winchester 005,5161,4917,10078
E02004834,Winchester 006,4114,3529,7643
E02004835,Winchester 007,5246,5454,10700
E02004836,Winchester 008,3698,3066,6764
E02004837,Winchester 009,4251,3981,8232
E02004838,Winchester 010,5002,4748,9750
E02004839,Winchester 011,4584,4378,8962
E02004840,Winchester 012,5318,4885,10203
E02004841,Winchester 013,5903,5843,11746
E02004842,Winchester 014,5835,5700,11535
E02004843,Broxbourne 001,3703,3529,7232
E02004844,Broxbourne 002,3851,3607,7458
E02004845,Broxbourne 003,4016,3880,7896
E02004846,Broxbourne 004,3273,3127,6400
E02004847,Broxbourne 005,5442,4913,10355
E02004848,Broxbourne 006,3974,3744,7718
E02004849,Broxbourne 007,3496,3355,6851
E02004850,Broxbourne 008,3808,3641,7449
E02004851,Broxbourne 009,3130,2806,5936
E02004852,Broxbourne 010,4210,3859,8069
E02004853,Broxbourne 011,3666,3325,6991
E02004854,Broxbourne 012,4201,3872,8073
E02004855,Broxbourne 013,4356,4223,8579
E02004856,Dacorum 001,2874,2926,5800
E02004857,Dacorum 002,3165,2876,6041
E02004858,Dacorum 003,2595,2431,5026
E02004859,Dacorum 004,2717,2600,5317
E02004860,Dacorum 005,2958,2874,5832
E02004861,Dacorum 006,2883,2649,5532
E02004862,Dacorum 007,3875,3907,7782
E02004863,Dacorum 008,4049,3885,7934
E02004864,Dacorum 009,3268,3103,6371
E02004865,Dacorum 010,2838,2676,5514
E02004866,Dacorum 011,3551,3218,6769
E02004867,Dacorum 012,3379,3158,6537
E02004868,Dacorum 013,4087,3711,7798
E02004869,Dacorum 014,3045,2830,5875
E02004870,Dacorum 015,5901,5714,11615
E02004871,Dacorum 016,2613,2411,5024
E02004872,Dacorum 017,3803,3622,7425
E02004873,Dacorum 018,5897,5768,11665
E02004874,Dacorum 019,3043,2957,6000
E02004875,Dacorum 020,5341,5100,10441
E02004876,Dacorum 021,4328,5169,9497
E02004877,Dacorum 022,2742,2546,5288
E02004878,East Hertfordshire 001,4722,4596,9318
E02004880,East Hertfordshire 003,5471,5358,10829
E02004881,East Hertfordshire 004,3517,3350,6867
E02004882,East Hertfordshire 005,4341,4116,8457
E02004883,East Hertfordshire 006,3166,3081,6247
E02004884,East Hertfordshire 007,5343,5030,10373
E02004885,East Hertfordshire 008,4322,4259,8581
E02004886,East Hertfordshire 009,3389,3274,6663
E02004887,East Hertfordshire 010,3805,3724,7529
E02004888,East Hertfordshire 011,4449,4293,8742
E02004889,East Hertfordshire 012,5862,5376,11238
E02004890,East Hertfordshire 013,4311,4078,8389
E02004891,East Hertfordshire 014,4072,3825,7897
E02004892,East Hertfordshire 015,3034,2879,5913
E02004893,East Hertfordshire 016,3014,2962,5976
E02004894,East Hertfordshire 017,4931,4701,9632
E02004895,East Hertfordshire 018,4817,4570,9387
E02004896,Hertsmere 001,4191,3789,7980
E02004897,Hertsmere 002,3551,3261,6812
E02004898,Hertsmere 003,4119,3633,7752
E02004899,Hertsmere 004,2848,2543,5391
E02004900,Hertsmere 005,4150,4035,8185
E02004901,Hertsmere 006,5291,4923,10214
E02004902,Hertsmere 007,4188,3940,8128
E02004903,Hertsmere 008,3925,3588,7513
E02004904,Hertsmere 009,3525,3344,6869
E02004905,Hertsmere 010,3359,3183,6542
E02004906,Hertsmere 011,5665,5448,11113
E02004907,Hertsmere 012,5674,5102,10776
E02004908,Hertsmere 013,5542,5011,10553
E02004909,North Hertfordshire 001,2890,2923,5813
E02004910,North Hertfordshire 002,5922,5709,11631
E02004911,North Hertfordshire 003,3549,3259,6808
E02004912,North Hertfordshire 004,5454,5163,10617
E02004914,North Hertfordshire 006,4181,3894,8075
E02004915,North Hertfordshire 007,2898,2734,5632
E02004916,North Hertfordshire 008,3880,3536,7416
E02004917,North Hertfordshire 009,3301,3092,6393
E02004918,North Hertfordshire 010,4119,4041,8160
E02004919,North Hertfordshire 011,3979,3728,7707
E02004920,North Hertfordshire 012,5976,5509,11485
E02004921,North Hertfordshire 013,4062,3806,7868
E02004922,North Hertfordshire 014,5187,4945,10132
E02004923,North Hertfordshire 015,5370,5015,10385
E02004924,St Albans 001,3947,3783,7730
E02004925,St Albans 002,3971,3907,7878
E02004926,St Albans 003,4185,3916,8101
E02004927,St Albans 004,3519,3197,6716
E02004928,St Albans 005,3485,3386,6871
E02004929,St Albans 006,3333,3070,6403
E02004930,St Albans 007,3616,3388,7004
E02004931,St Albans 008,3540,3432,6972
E02004932,St Albans 009,4106,3638,7744
E02004933,St Albans 010,3576,3367,6943
E02004934,St Albans 011,3916,3887,7803
E02004935,St Albans 012,4509,4539,9048
E02004936,St Albans 013,3344,3196,6540
E02004937,St Albans 014,3733,3559,7292
E02004939,St Albans 016,3421,3266,6687
E02004940,St Albans 017,3978,3732,7710
E02004941,St Albans 018,5058,4746,9804
E02004942,St Albans 019,3277,3156,6433
E02004943,St Albans 020,4214,4006,8220
E02004944,Stevenage 001,4097,4044,8141
E02004945,Stevenage 002,6201,6031,12232
E02004946,Stevenage 003,3239,3184,6423
E02004948,Stevenage 005,3126,2953,6079
E02004949,Stevenage 006,4425,4372,8797
E02004950,Stevenage 007,3562,3264,6826
E02004951,Stevenage 008,4082,3973,8055
E02004952,Stevenage 009,3512,3373,6885
E02004953,Stevenage 010,3266,3208,6474
E02004954,Stevenage 011,3581,3551,7132
E02004955,Stevenage 012,3026,2993,6019
E02004956,Three Rivers 001,4617,4419,9036
E02004957,Three Rivers 002,5553,5262,10815
E02004958,Three Rivers 003,4046,3812,7858
E02004959,Three Rivers 004,3239,2943,6182
E02004960,Three Rivers 005,2959,2751,5710
E02004961,Three Rivers 006,4956,4753,9709
E02004962,Three Rivers 007,4604,4421,9025
E02004963,Three Rivers 008,3856,3709,7565
E02004964,Three Rivers 009,2972,2774,5746
E02004965,Three Rivers 010,3596,3354,6950
E02004966,Three Rivers 011,3642,3654,7296
E02004967,Three Rivers 012,4078,3800,7878
E02004968,Watford 001,4016,3690,7706
E02004969,Watford 002,3683,3571,7254
E02004970,Watford 003,4401,3998,8399
E02004971,Watford 004,4410,4255,8665
E02004972,Watford 005,3123,3050,6173
E02004973,Watford 006,4261,4443,8704
E02004974,Watford 007,4641,4430,9071
E02004975,Watford 008,4164,4064,8228
E02004976,Watford 009,5646,5767,11413
E02004977,Watford 010,4534,4626,9160
E02004978,Watford 011,5342,4955,10297
E02004979,Watford 012,3683,3496,7179
E02004980,Welwyn Hatfield 001,3142,3060,6202
E02004981,Welwyn Hatfield 002,4190,3947,8137
E02004982,Welwyn Hatfield 003,3099,2872,5971
E02004983,Welwyn Hatfield 004,3154,2966,6120
E02004984,Welwyn Hatfield 005,3167,3120,6287
E02004985,Welwyn Hatfield 006,3650,3282,6932
E02004986,Welwyn Hatfield 007,4526,4261,8787
E02004987,Welwyn Hatfield 008,3967,3827,7794
E02004988,Welwyn Hatfield 009,4021,3829,7850
E02004989,Welwyn Hatfield 010,6291,6265,12556
E02004990,Welwyn Hatfield 011,3579,3706,7285
E02004991,Welwyn Hatfield 012,4003,4227,8230
E02004992,Welwyn Hatfield 013,5222,5182,10404
E02004994,Welwyn Hatfield 015,3178,2974,6152
E02004995,Welwyn Hatfield 016,2880,2762,5642
E02004996,Ashford 001,4403,4024,8427
E02004997,Ashford 002,4239,3952,8191
E02004998,Ashford 003,3512,3288,6800
E02005000,Ashford 005,6065,6040,12105
E02005001,Ashford 006,4904,4659,9563
E02005002,Ashford 007,5170,4870,10040
E02005003,Ashford 008,4744,4504,9248
E02005004,Ashford 009,5974,5827,11801
E02005005,Ashford 010,5233,5163,10396
E02005006,Ashford 011,3200,3008,6208
E02005007,Ashford 012,4759,4606,9365
E02005008,Ashford 013,4686,4083,8769
E02005009,Ashford 014,3086,2875,5961
E02005010,Canterbury 001,3969,3623,7592
E02005011,Canterbury 002,3963,3521,7484
E02005012,Canterbury 003,4641,4319,8960
E02005013,Canterbury 004,4251,3962,8213
E02005014,Canterbury 005,4435,4002,8437
E02005015,Canterbury 006,4941,4707,9648
E02005016,Canterbury 007,4085,3723,7808
E02005017,Canterbury 008,3486,3151,6637
E02005018,Canterbury 009,4490,4242,8732
E02005019,Canterbury 010,3372,3153,6525
E02005020,Canterbury 011,3929,3593,7522
E02005021,Canterbury 012,5689,5343,11032
E02005022,Canterbury 013,4074,3988,8062
E02005023,Canterbury 014,5080,4648,9728
E02005025,Canterbury 016,5404,4490,9894
E02005026,Canterbury 017,4188,3891,8079
E02005027,Canterbury 018,2908,2609,5517
E02005028,Dartford 001,7353,7015,14368
E02005029,Dartford 002,7553,7372,14925
E02005030,Dartford 003,6222,5981,12203
E02005031,Dartford 004,4129,4009,8138
E02005032,Dartford 005,4835,4892,9727
E02005033,Dartford 006,3917,3687,7604
E02005034,Dartford 007,3906,3821,7727
E02005035,Dartford 008,4390,4149,8539
E02005036,Dartford 009,3484,3249,6733
E02005037,Dartford 010,3665,3422,7087
E02005038,Dartford 011,3113,2886,5999
E02005039,Dartford 012,3509,3364,6873
E02005040,Dartford 013,3523,3307,6830
E02005041,Dover 001,3677,3569,7246
E02005042,Dover 002,4580,4341,8921
E02005043,Dover 003,3800,3327,7127
E02005044,Dover 004,3089,2965,6054
E02005045,Dover 005,4797,4555,9352
E02005046,Dover 006,4664,4300,8964
E02005047,Dover 007,4113,3603,7716
E02005048,Dover 008,3360,3234,6594
E02005049,Dover 009,3569,3363,6932
E02005050,Dover 010,4945,4760,9705
E02005051,Dover 011,6976,6628,13604
E02005052,Dover 012,4090,4262,8352
E02005053,Dover 013,4579,4578,9157
E02005054,Dover 014,3370,3316,6686
E02005055,Gravesham 001,4326,4069,8395
E02005056,Gravesham 002,4958,5204,10162
E02005057,Gravesham 003,5898,5688,11586
E02005058,Gravesham 004,4145,3862,8007
E02005059,Gravesham 005,4873,4772,9645
E02005060,Gravesham 006,4483,4162,8645
E02005061,Gravesham 007,3848,3648,7496
E02005062,Gravesham 008,3614,3471,7085
E02005063,Gravesham 009,3765,3561,7326
E02005064,Gravesham 010,3391,3172,6563
E02005065,Gravesham 011,4369,3942,8311
E02005066,Gravesham 012,3994,3753,7747
E02005067,Gravesham 013,3003,2929,5932
E02005068,Maidstone 001,3578,3599,7177
E02005069,Maidstone 002,4578,4507,9085
E02005070,Maidstone 003,5059,4693,9752
E02005071,Maidstone 004,5565,6727,12292
E02005072,Maidstone 005,4123,3918,8041
E02005073,Maidstone 006,6013,6353,12366
E02005074,Maidstone 007,4158,3874,8032
E02005075,Maidstone 008,5652,5409,11061
E02005076,Maidstone 009,5087,4924,10011
E02005077,Maidstone 010,4113,3986,8099
E02005078,Maidstone 011,4956,4808,9764
E02005079,Maidstone 012,4613,4439,9052
E02005080,Maidstone 013,6376,5805,12181
E02005081,Maidstone 014,3562,3409,6971
E02005082,Maidstone 015,6067,5903,11970
E02005083,Maidstone 016,3996,3854,7850
E02005084,Maidstone 017,3888,3617,7505
E02005085,Maidstone 018,3983,3897,7880
E02005086,Maidstone 019,3451,3242,6693
E02005087,Sevenoaks 001,3738,3403,7141
E02005088,Sevenoaks 002,5218,4695,9913
E02005089,Sevenoaks 003,3547,3309,6856
E02005090,Sevenoaks 004,3105,2826,5931
E02005091,Sevenoaks 005,3502,3269,6771
E02005093,Sevenoaks 007,3070,2954,6024
E02005094,Sevenoaks 008,4993,4733,9726
E02005095,Sevenoaks 009,3899,3667,7566
E02005096,Sevenoaks 010,5073,4780,9853
E02005097,Sevenoaks 011,4906,4734,9640
E02005098,Sevenoaks 012,5238,4868,10106
E02005099,Sevenoaks 013,4104,3859,7963
E02005100,Sevenoaks 014,5149,4732,9881
E02005101,Sevenoaks 015,3601,3471,7072
E02005102,Folkestone and Hythe 001,3153,2935,6088
E02005103,Folkestone and Hythe 002,5179,4907,10086
E02005104,Folkestone and Hythe 003,4170,3827,7997
E02005105,Folkestone and Hythe 004,3932,3724,7656
E02005106,Folkestone and Hythe 005,5189,4817,10006
E02005107,Folkestone and Hythe 006,6555,6544,13099
E02005109,Folkestone and Hythe 008,3540,3152,6692
E02005110,Folkestone and Hythe 009,3610,3497,7107
E02005111,Folkestone and Hythe 010,3801,3384,7185
E02005112,Folkestone and Hythe 011,3616,3440,7056
E02005113,Folkestone and Hythe 012,3744,3508,7252
E02005114,Folkestone and Hythe 013,3160,3180,6340
E02005115,Swale 001,3382,3325,6707
E02005116,Swale 002,3407,3137,6544
E02005117,Swale 003,3319,3265,6584
E02005118,Swale 004,5572,5283,10855
E02005119,Swale 005,3343,3231,6574
E02005120,Swale 006,3709,5924,9633
E02005121,Swale 007,7089,6948,14037
E02005122,Swale 008,4034,3777,7811
E02005123,Swale 009,6477,6279,12756
E02005124,Swale 010,4570,4251,8821
E02005125,Swale 011,4330,4219,8549
E02005126,Swale 012,4182,3982,8164
E02005127,Swale 013,4554,4333,8887
E02005128,Swale 014,4674,4299,8973
E02005129,Swale 015,5979,5484,11463
E02005130,Swale 016,4765,4756,9521
E02005131,Swale 017,2976,2823,5799
E02005132,Thanet 001,5469,5163,10632
E02005133,Thanet 002,4556,4080,8636
E02005134,Thanet 003,4075,3919,7994
E02005135,Thanet 004,4071,3811,7882
E02005136,Thanet 005,4161,3885,8046
E02005137,Thanet 006,4081,3640,7721
E02005138,Thanet 007,4758,4289,9047
E02005139,Thanet 008,4698,4166,8864
E02005140,Thanet 009,3972,3585,7557
E02005141,Thanet 010,3611,3454,7065
E02005142,Thanet 011,3758,3537,7295
E02005143,Thanet 012,4304,3903,8207
E02005144,Thanet 013,4594,4331,8925
E02005145,Thanet 014,4110,3945,8055
E02005146,Thanet 015,4229,3911,8140
E02005147,Thanet 016,4420,4286,8706
E02005148,Thanet 017,4059,3755,7814
E02005149,Tonbridge and Malling 001,6216,5888,12104
E02005150,Tonbridge and Malling 002,6063,5767,11830
E02005151,Tonbridge and Malling 003,6534,6182,12716
E02005153,Tonbridge and Malling 005,4864,4578,9442
E02005154,Tonbridge and Malling 006,6056,5695,11751
E02005155,Tonbridge and Malling 007,6370,6189,12559
E02005156,Tonbridge and Malling 008,3672,3541,7213
E02005157,Tonbridge and Malling 009,3513,3217,6730
E02005158,Tonbridge and Malling 010,3370,3244,6614
E02005159,Tonbridge and Malling 011,4055,3675,7730
E02005160,Tonbridge and Malling 012,6264,6244,12508
E02005161,Tonbridge and Malling 013,4418,4184,8602
E02005162,Tunbridge Wells 001,5377,5135,10512
E02005163,Tunbridge Wells 002,4138,3942,8080
E02005164,Tunbridge Wells 003,4549,4376,8925
E02005165,Tunbridge Wells 004,3920,3597,7517
E02005166,Tunbridge Wells 005,3556,3357,6913
E02005167,Tunbridge Wells 006,3915,3746,7661
E02005168,Tunbridge Wells 007,3899,3673,7572
E02005169,Tunbridge Wells 008,4519,4578,9097
E02005170,Tunbridge Wells 009,5140,4707,9847
E02005171,Tunbridge Wells 010,3252,2948,6200
E02005172,Tunbridge Wells 011,4154,4108,8262
E02005173,Tunbridge Wells 012,4318,4112,8430
E02005174,Tunbridge Wells 013,3926,3650,7576
E02005175,Tunbridge Wells 014,4701,4018,8719
E02005503,Breckland 001,3748,3734,7482
E02005504,Breckland 002,4691,4555,9246
E02005505,Breckland 003,3995,3659,7654
E02005506,Breckland 004,3546,3467,7013
E02005507,Breckland 005,5938,5667,11605
E02005508,Breckland 006,3625,3623,7248
E02005509,Breckland 007,4460,4105,8565
E02005510,Breckland 008,3731,3595,7326
E02005511,Breckland 009,4555,4412,8967
E02005512,Breckland 010,4643,5463,10106
E02005513,Breckland 011,5413,5178,10591
E02005514,Breckland 012,3467,3411,6878
E02005515,Breckland 013,3230,3242,6472
E02005516,Breckland 014,3549,3515,7064
E02005517,Breckland 015,3018,2915,5933
E02005518,Breckland 016,5314,5377,10691
E02005519,Breckland 017,4428,4206,8634
E02005520,Broadland 001,4689,4247,8936
E02005521,Broadland 002,4375,4275,8650
E02005522,Broadland 003,2802,2695,5497
E02005523,Broadland 004,4396,4213,8609
E02005524,Broadland 005,2672,2659,5331
E02005525,Broadland 006,5052,4785,9837
E02005526,Broadland 007,2794,2596,5390
E02005527,Broadland 008,4639,4520,9159
E02005528,Broadland 009,4305,4191,8496
E02005529,Broadland 010,2973,2709,5682
E02005530,Broadland 011,2740,2702,5442
E02005531,Broadland 012,2769,2575,5344
E02005532,Broadland 013,4849,4681,9530
E02005533,Broadland 014,4661,4389,9050
E02005534,Broadland 015,3781,3584,7365
E02005535,Broadland 016,3632,3531,7163
E02005536,Broadland 017,3182,3035,6217
E02005537,Broadland 018,3148,2877,6025
E02005538,Great Yarmouth 001,4948,4735,9683
E02005539,Great Yarmouth 002,4061,3954,8015
E02005540,Great Yarmouth 003,4520,4283,8803
E02005541,Great Yarmouth 004,3034,2866,5900
E02005542,Great Yarmouth 005,3583,3628,7211
E02005543,Great Yarmouth 006,4602,4740,9342
E02005544,Great Yarmouth 007,3629,3526,7155
E02005545,Great Yarmouth 008,3297,3180,6477
E02005546,Great Yarmouth 009,4138,3787,7925
E02005547,Great Yarmouth 010,4372,4134,8506
E02005548,Great Yarmouth 011,3924,3494,7418
E02005549,Great Yarmouth 012,2820,2768,5588
E02005550,Great Yarmouth 013,3926,3801,7727
E02005551,King's Lynn and West Norfolk 001,2786,2445,5231
E02005552,King's Lynn and West Norfolk 002,3321,3220,6541
E02005553,King's Lynn and West Norfolk 003,4606,4116,8722
E02005554,King's Lynn and West Norfolk 004,3698,3349,7047
E02005555,King's Lynn and West Norfolk 005,3519,3316,6835
E02005556,King's Lynn and West Norfolk 006,4041,3731,7772
E02005557,King's Lynn and West Norfolk 007,3548,3330,6878
E02005558,King's Lynn and West Norfolk 008,3778,3578,7356
E02005559,King's Lynn and West Norfolk 009,3775,3583,7358
E02005560,King's Lynn and West Norfolk 010,4722,4367,9089
E02005561,King's Lynn and West Norfolk 011,5493,5394,10887
E02005562,King's Lynn and West Norfolk 012,3866,3593,7459
E02005563,King's Lynn and West Norfolk 013,4068,3988,8056
E02005564,King's Lynn and West Norfolk 014,4730,4917,9647
E02005565,King's Lynn and West Norfolk 015,3677,3674,7351
E02005566,King's Lynn and West Norfolk 016,5262,5154,10416
E02005567,King's Lynn and West Norfolk 017,5960,5389,11349
E02005568,King's Lynn and West Norfolk 018,3778,3817,7595
E02005569,King's Lynn and West Norfolk 019,4337,4403,8740
E02005570,North Norfolk 001,3720,3368,7088
E02005571,North Norfolk 002,3070,2764,5834
E02005572,North Norfolk 003,3903,3640,7543
E02005573,North Norfolk 004,3024,2726,5750
E02005574,North Norfolk 005,3522,3432,6954
E02005575,North Norfolk 006,3550,3431,6981
E02005576,North Norfolk 007,3395,3268,6663
E02005577,North Norfolk 008,3041,2935,5976
E02005578,North Norfolk 009,2996,2921,5917
E02005580,North Norfolk 011,4151,3863,8014
E02005581,North Norfolk 012,3666,4181,7847
E02005582,North Norfolk 013,3438,3365,6803
E02005583,North Norfolk 014,4413,4191,8604
E02005584,Norwich 001,5517,5660,11177
E02005585,Norwich 002,5605,5597,11202
E02005586,Norwich 003,5162,5190,10352
E02005587,Norwich 004,5004,5329,10333
E02005588,Norwich 005,6714,6319,13033
E02005589,Norwich 006,6231,6033,12264
E02005592,Norwich 009,4754,4430,9184
E02005593,Norwich 010,5810,5058,10868
E02005594,Norwich 011,5716,5223,10939
E02005595,Norwich 012,4971,4407,9378
E02005596,Norwich 013,5143,4829,9972
E02005598,South Norfolk 002,5159,4796,9955
E02005599,South Norfolk 003,3748,3453,7201
E02005600,South Norfolk 004,3322,3085,6407
E02005601,South Norfolk 005,2832,2631,5463
E02005602,South Norfolk 006,6562,6146,12708
E02005603,South Norfolk 007,6632,6185,12817
E02005604,South Norfolk 008,4478,4371,8849
E02005605,South Norfolk 009,5444,5244,10688
E02005606,South Norfolk 010,2929,2910,5839
E02005607,South Norfolk 011,5885,5670,11555
E02005608,South Norfolk 012,3898,3729,7627
E02005609,South Norfolk 013,3848,3700,7548
E02005610,South Norfolk 014,4089,4001,8090
E02005611,South Norfolk 015,5596,5324,10920
E02005921,Cherwell 001,3496,3404,6900
E02005922,Cherwell 002,4419,4418,8837
E02005923,Cherwell 003,2994,3021,6015
E02005924,Cherwell 004,6110,6489,12599
E02005925,Cherwell 005,4548,4336,8884
E02005926,Cherwell 006,4706,4318,9024
E02005927,Cherwell 007,2812,2836,5648
E02005928,Cherwell 008,5683,5423,11106
E02005929,Cherwell 009,3780,3563,7343
E02005930,Cherwell 010,4793,4671,9464
E02005931,Cherwell 011,5732,5523,11255
E02005932,Cherwell 012,3335,3391,6726
E02005933,Cherwell 013,3901,3814,7715
E02005934,Cherwell 014,4512,4335,8847
E02005935,Cherwell 015,4346,4235,8581
E02005936,Cherwell 016,6284,6779,13063
E02005937,Cherwell 017,3352,3189,6541
E02005938,Cherwell 018,2852,2831,5683
E02005939,Cherwell 019,3454,3328,6782
E02005940,Oxford 001,3165,2989,6154
E02005941,Oxford 002,3658,3425,7083
E02005942,Oxford 003,3306,2944,6250
E02005943,Oxford 004,3832,3500,7332
E02005944,Oxford 005,4202,4191,8393
E02005945,Oxford 006,5911,5204,11115
E02005946,Oxford 007,4339,4129,8468
E02005947,Oxford 008,9138,9337,18475
E02005948,Oxford 009,3316,3302,6618
E02005949,Oxford 010,4058,3563,7621
E02005950,Oxford 011,5603,5534,11137
E02005951,Oxford 012,2827,2751,5578
E02005953,Oxford 014,3079,2935,6014
E02005954,Oxford 015,5211,5271,10482
E02005955,Oxford 016,5705,5528,11233
E02005956,Oxford 017,3331,3226,6557
E02005957,Oxford 018,3553,3357,6910
E02005958,South Oxfordshire 001,2761,2619,5380
E02005959,South Oxfordshire 002,2972,2924,5896
E02005960,South Oxfordshire 003,4033,3856,7889
E02005961,South Oxfordshire 004,3468,3270,6738
E02005962,South Oxfordshire 005,5144,5023,10167
E02005963,South Oxfordshire 006,4047,3987,8034
E02005964,South Oxfordshire 007,3729,3571,7300
E02005965,South Oxfordshire 008,2850,2669,5519
E02005966,South Oxfordshire 009,4021,4094,8115
E02005967,South Oxfordshire 010,4784,4750,9534
E02005968,South Oxfordshire 011,3718,4293,8011
E02005969,South Oxfordshire 012,5055,4643,9698
E02005970,South Oxfordshire 013,2692,2821,5513
E02005971,South Oxfordshire 014,3194,3163,6357
E02005972,South Oxfordshire 015,6122,5890,12012
E02005973,South Oxfordshire 016,3145,2768,5913
E02005974,South Oxfordshire 017,3269,3004,6273
E02005975,South Oxfordshire 018,4163,4071,8234
E02005976,South Oxfordshire 019,3195,3145,6340
E02005977,South Oxfordshire 020,3164,2996,6160
E02005978,Vale of White Horse 001,3871,3728,7599
E02005979,Vale of White Horse 002,5122,5153,10275
E02005980,Vale of White Horse 003,5364,6400,11764
E02005981,Vale of White Horse 004,4316,4236,8552
E02005982,Vale of White Horse 005,2919,2820,5739
E02005983,Vale of White Horse 006,5535,5446,10981
E02005984,Vale of White Horse 007,4637,4515,9152
E02005985,Vale of White Horse 008,4007,3897,7904
E02005986,Vale of White Horse 009,4977,4713,9690
E02005987,Vale of White Horse 010,5237,5060,10297
E02005988,Vale of White Horse 011,4587,4539,9126
E02005991,Vale of White Horse 014,5185,4882,10067
E02005992,Vale of White Horse 015,7141,6773,13914
E02005993,West Oxfordshire 001,3777,3473,7250
E02005994,West Oxfordshire 002,3216,3052,6268
E02005995,West Oxfordshire 003,3270,3102,6372
E02005996,West Oxfordshire 004,4616,4317,8933
E02005997,West Oxfordshire 005,3072,2883,5955
E02005998,West Oxfordshire 006,3643,3386,7029
E02005999,West Oxfordshire 007,3342,3202,6544
E02006000,West Oxfordshire 008,6025,5748,11773
E02006001,West Oxfordshire 009,3664,3423,7087
E02006002,West Oxfordshire 010,5501,5268,10769
E02006003,West Oxfordshire 011,3016,2914,5930
E02006004,West Oxfordshire 012,3331,4005,7336
E02006005,West Oxfordshire 013,5093,4939,10032
E02006006,West Oxfordshire 014,2809,2841,5650
E02006007,West Oxfordshire 015,3731,3577,7308
E02006227,Babergh 001,3294,3138,6432
E02006228,Babergh 002,3125,3034,6159
E02006229,Babergh 003,3176,3006,6182
E02006230,Babergh 004,5759,5253,11012
E02006231,Babergh 005,4358,4272,8630
E02006232,Babergh 006,3120,3001,6121
E02006233,Babergh 007,6059,5563,11622
E02006234,Babergh 008,5192,4758,9950
E02006235,Babergh 009,4168,4032,8200
E02006236,Babergh 010,5354,5086,10440
E02006237,Babergh 011,3927,3670,7597
E02006238,West Suffolk 002,4833,4857,9690
E02006239,West Suffolk 001,4092,4632,8724
E02006240,West Suffolk 003,4862,5366,10228
E02006241,West Suffolk 004,4400,4443,8843
E02006242,West Suffolk 007,5413,5228,10641
E02006243,West Suffolk 008,4732,4599,9331
E02006245,Ipswich 001,4267,4019,8286
E02006246,Ipswich 002,3755,3677,7432
E02006247,Ipswich 003,4563,4541,9104
E02006248,Ipswich 004,4346,4135,8481
E02006249,Ipswich 005,4251,4137,8388
E02006250,Ipswich 006,5001,5198,10199
E02006251,Ipswich 007,5116,5576,10692
E02006252,Ipswich 008,4884,4816,9700
E02006253,Ipswich 009,3750,3699,7449
E02006254,Ipswich 010,4659,4738,9397
E02006255,Ipswich 011,4095,4026,8121
E02006256,Ipswich 012,4974,4866,9840
E02006257,Ipswich 013,3494,3282,6776
E02006258,Ipswich 014,4904,4747,9651
E02006259,Ipswich 015,3740,3539,7279
E02006260,Ipswich 016,4527,4320,8847
E02006261,Mid Suffolk 001,4123,3833,7956
E02006262,Mid Suffolk 002,4565,4425,8990
E02006263,Mid Suffolk 003,3797,3737,7534
E02006264,Mid Suffolk 004,4494,4376,8870
E02006265,Mid Suffolk 005,3783,3595,7378
E02006266,Mid Suffolk 006,4808,4627,9435
E02006267,Mid Suffolk 007,4207,4141,8348
E02006268,Mid Suffolk 008,3227,2932,6159
E02006269,Mid Suffolk 009,3933,3805,7738
E02006270,Mid Suffolk 010,6441,6353,12794
E02006271,Mid Suffolk 011,4763,5082,9845
E02006272,Mid Suffolk 012,3922,3730,7652
E02006273,West Suffolk 005,3529,3310,6839
E02006274,West Suffolk 006,3167,3432,6599
E02006275,West Suffolk 009,3563,3437,7000
E02006276,West Suffolk 016,4193,4037,8230
E02006277,West Suffolk 012,3860,3828,7688
E02006278,West Suffolk 011,4186,4191,8377
E02006279,West Suffolk 014,4422,4325,8747
E02006280,West Suffolk 010,5018,4712,9730
E02006281,West Suffolk 013,4418,3903,8321
E02006282,West Suffolk 017,3347,3174,6521
E02006283,West Suffolk 018,3570,4683,8253
E02006284,West Suffolk 019,3978,3752,7730
E02006285,West Suffolk 021,3781,3768,7549
E02006286,West Suffolk 020,5634,5518,11152
E02006287,East Suffolk 016,3164,3096,6260
E02006288,East Suffolk 017,5227,4828,10055
E02006289,East Suffolk 018,5053,4646,9699
E02006290,East Suffolk 019,4249,3857,8106
E02006291,East Suffolk 020,3979,3691,7670
E02006292,East Suffolk 021,3466,3317,6783
E02006293,East Suffolk 023,5168,5989,11157
E02006294,East Suffolk 022,4196,3684,7880
E02006295,East Suffolk 024,4796,4529,9325
E02006296,East Suffolk 025,6640,6450,13090
E02006297,East Suffolk 026,4072,3974,8046
E02006298,East Suffolk 027,4638,4504,9142
E02006299,East Suffolk 028,4333,3901,8234
E02006300,East Suffolk 029,4079,3859,7938
E02006301,East Suffolk 030,3266,3040,6306
E02006302,East Suffolk 001,3398,3240,6638
E02006303,East Suffolk 002,4176,3807,7983
E02006304,East Suffolk 003,4197,3952,8149
E02006305,East Suffolk 004,4946,4787,9733
E02006306,East Suffolk 005,3713,3576,7289
E02006307,East Suffolk 007,3757,3566,7323
E02006308,East Suffolk 006,3785,3845,7630
E02006309,East Suffolk 009,3566,3176,6742
E02006310,East Suffolk 008,4199,3879,8078
E02006311,East Suffolk 010,4312,3901,8213
E02006312,East Suffolk 011,4328,4158,8486
E02006313,East Suffolk 012,5154,4777,9931
E02006314,East Suffolk 013,3682,3579,7261
E02006315,East Suffolk 014,3032,2810,5842
E02006316,East Suffolk 015,3654,3419,7073
E02006317,Elmbridge 001,3320,3032,6352
E02006318,Elmbridge 002,3606,3359,6965
E02006319,Elmbridge 003,3725,3490,7215
E02006320,Elmbridge 004,3750,3501,7251
E02006321,Elmbridge 005,3444,3164,6608
E02006322,Elmbridge 006,3339,3150,6489
E02006323,Elmbridge 007,3849,3679,7528
E02006324,Elmbridge 008,4110,3805,7915
E02006325,Elmbridge 009,4680,4492,9172
E02006326,Elmbridge 010,3852,3680,7532
E02006327,Elmbridge 011,3482,3215,6697
E02006328,Elmbridge 012,4974,4624,9598
E02006329,Elmbridge 013,3675,3422,7097
E02006330,Elmbridge 014,5160,4768,9928
E02006331,Elmbridge 015,3753,3510,7263
E02006332,Elmbridge 016,3433,3218,6651
E02006333,Elmbridge 017,5149,4795,9944
E02006334,Elmbridge 018,4442,4109,8551
E02006335,Epsom and Ewell 001,4055,3858,7913
E02006336,Epsom and Ewell 002,3757,3410,7167
E02006337,Epsom and Ewell 003,4487,4384,8871
E02006338,Epsom and Ewell 004,3524,3262,6786
E02006339,Epsom and Ewell 005,5535,5378,10913
E02006341,Epsom and Ewell 007,5290,4959,10249
E02006342,Epsom and Ewell 008,4391,3806,8197
E02006343,Epsom and Ewell 009,4705,4351,9056
E02006344,Guildford 001,4424,4096,8520
E02006345,Guildford 002,3261,4414,7675
E02006346,Guildford 003,5123,4800,9923
E02006347,Guildford 004,3608,3519,7127
E02006348,Guildford 005,4411,4051,8462
E02006349,Guildford 006,4027,3977,8004
E02006350,Guildford 007,3146,3231,6377
E02006351,Guildford 008,4300,4071,8371
E02006352,Guildford 009,3014,3130,6144
E02006353,Guildford 010,3122,2993,6115
E02006354,Guildford 011,4961,4658,9619
E02006355,Guildford 012,5245,4511,9756
E02006356,Guildford 013,5706,5749,11455
E02006357,Guildford 014,3768,3443,7211
E02006358,Guildford 015,4523,4451,8974
E02006359,Guildford 016,3099,3030,6129
E02006360,Guildford 017,4238,3888,8126
E02006361,Guildford 018,2952,2704,5656
E02006362,Mole Valley 001,3639,3264,6903
E02006363,Mole Valley 002,3100,2954,6054
E02006364,Mole Valley 003,3927,3776,7703
E02006365,Mole Valley 004,3220,3040,6260
E02006366,Mole Valley 005,4054,3968,8022
E02006367,Mole Valley 006,3083,2886,5969
E02006368,Mole Valley 007,2977,2702,5679
E02006369,Mole Valley 008,3217,3042,6259
E02006370,Mole Valley 009,3259,3082,6341
E02006371,Mole Valley 010,3767,3556,7323
E02006372,Mole Valley 011,3333,3078,6411
E02006373,Mole Valley 012,3851,3661,7512
E02006374,Mole Valley 013,3459,3492,6951
E02006375,Reigate and Banstead 001,3478,3295,6773
E02006376,Reigate and Banstead 002,4506,4721,9227
E02006377,Reigate and Banstead 003,3222,2947,6169
E02006378,Reigate and Banstead 004,4510,4338,8848
E02006379,Reigate and Banstead 005,3707,3263,6970
E02006380,Reigate and Banstead 006,3670,3425,7095
E02006381,Reigate and Banstead 007,3659,3596,7255
E02006382,Reigate and Banstead 008,3493,3371,6864
E02006383,Reigate and Banstead 009,5254,4861,10115
E02006384,Reigate and Banstead 010,5574,5345,10919
E02006385,Reigate and Banstead 011,5685,5638,11323
E02006386,Reigate and Banstead 012,4320,4058,8378
E02006387,Reigate and Banstead 013,3475,3313,6788
E02006388,Reigate and Banstead 014,4765,4562,9327
E02006389,Reigate and Banstead 015,3753,3617,7370
E02006390,Reigate and Banstead 016,5401,5107,10508
E02006391,Reigate and Banstead 017,3927,3822,7749
E02006392,Reigate and Banstead 018,4621,4548,9169
E02006393,Runnymede 001,3619,3325,6944
E02006394,Runnymede 002,6240,5587,11827
E02006395,Runnymede 003,5024,4729,9753
E02006396,Runnymede 004,3058,2906,5964
E02006397,Runnymede 005,3263,3071,6334
E02006398,Runnymede 006,4484,4172,8656
E02006399,Runnymede 007,6297,5973,12270
E02006400,Runnymede 008,2926,2759,5685
E02006401,Runnymede 009,5555,5156,10711
E02006402,Runnymede 010,5082,4856,9938
E02006403,Spelthorne 001,3326,3412,6738
E02006404,Spelthorne 002,3870,3888,7758
E02006405,Spelthorne 003,5860,5570,11430
E02006406,Spelthorne 004,4454,4499,8953
E02006407,Spelthorne 005,4731,4577,9308
E02006408,Spelthorne 006,4447,4404,8851
E02006409,Spelthorne 007,3498,3280,6778
E02006410,Spelthorne 008,4354,4159,8513
E02006411,Spelthorne 009,3659,3531,7190
E02006412,Spelthorne 010,3992,3750,7742
E02006413,Spelthorne 011,3361,3110,6471
E02006414,Spelthorne 012,3196,3040,6236
E02006415,Spelthorne 013,3585,3401,6986
E02006416,Surrey Heath 001,4272,4113,8385
E02006417,Surrey Heath 002,3079,3004,6083
E02006418,Surrey Heath 003,3408,3128,6536
E02006419,Surrey Heath 004,4291,3957,8248
E02006420,Surrey Heath 005,3963,3781,7744
E02006421,Surrey Heath 006,5091,5245,10336
E02006422,Surrey Heath 007,3187,3019,6206
E02006423,Surrey Heath 008,5723,5485,11208
E02006424,Surrey Heath 009,3264,3231,6495
E02006425,Surrey Heath 010,3307,3135,6442
E02006426,Surrey Heath 011,2802,2740,5542
E02006427,Surrey Heath 012,3615,3615,7230
E02006429,Tandridge 002,4148,4064,8212
E02006430,Tandridge 003,4942,4576,9518
E02006431,Tandridge 004,6169,5402,11571
E02006432,Tandridge 005,2890,2781,5671
E02006433,Tandridge 006,4913,4578,9491
E02006434,Tandridge 007,3478,3151,6629
E02006435,Tandridge 008,3147,2967,6114
E02006436,Tandridge 009,3263,2951,6214
E02006437,Tandridge 010,4312,4076,8388
E02006438,Tandridge 011,4209,4142,8351
E02006439,Waverley 001,3194,3043,6237
E02006440,Waverley 002,3612,3583,7195
E02006441,Waverley 003,4464,3964,8428
E02006442,Waverley 004,3243,3171,6414
E02006443,Waverley 005,3891,3611,7502
E02006444,Waverley 006,3654,3524,7178
E02006445,Waverley 007,4105,4330,8435
E02006446,Waverley 008,3722,3257,6979
E02006447,Waverley 009,3429,3319,6748
E02006448,Waverley 010,3802,3585,7387
E02006449,Waverley 011,3637,3319,6956
E02006450,Waverley 012,3724,3440,7164
E02006451,Waverley 013,6075,5717,11792
E02006453,Waverley 015,4437,3951,8388
E02006454,Waverley 016,3499,3266,6765
E02006455,Waverley 017,3141,3001,6142
E02006456,Woking 001,4117,3903,8020
E02006457,Woking 002,4755,4577,9332
E02006458,Woking 003,4683,4542,9225
E02006459,Woking 004,5209,5445,10654
E02006460,Woking 005,4744,4578,9322
E02006461,Woking 006,3393,3395,6788
E02006462,Woking 007,4208,4135,8343
E02006463,Woking 008,5199,5462,10661
E02006464,Woking 009,3465,3346,6811
E02006465,Woking 010,3141,3074,6215
E02006466,Woking 011,5737,5567,11304
E02006467,Woking 012,3651,3614,7265
E02006534,Adur 001,4728,4367,9095
E02006535,Adur 002,3800,3562,7362
E02006536,Adur 003,3776,3724,7500
E02006537,Adur 004,5496,5038,10534
E02006538,Adur 005,4754,4507,9261
E02006539,Adur 006,3773,3521,7294
E02006540,Adur 007,2958,2766,5724
E02006541,Adur 008,4045,3730,7775
E02006542,Arun 001,2990,2746,5736
E02006543,Arun 002,2886,2712,5598
E02006544,Arun 003,5978,5637,11615
E02006545,Arun 004,6262,5900,12162
E02006546,Arun 005,5776,5191,10967
E02006547,Arun 006,3374,3538,6912
E02006548,Arun 007,5168,4587,9755
E02006549,Arun 008,3327,2921,6248
E02006550,Arun 009,5050,4558,9608
E02006551,Arun 010,4375,3580,7955
E02006552,Arun 011,3618,3764,7382
E02006553,Arun 012,4995,4668,9663
E02006554,Arun 013,3455,3163,6618
E02006555,Arun 014,3997,3698,7695
E02006556,Arun 015,5579,5014,10593
E02006557,Arun 016,3996,3772,7768
E02006558,Arun 017,5302,5423,10725
E02006559,Arun 018,4276,3905,8181
E02006560,Arun 019,5025,4680,9705
E02006561,Chichester 001,3416,3289,6705
E02006562,Chichester 002,3157,3003,6160
E02006563,Chichester 003,2907,2845,5752
E02006564,Chichester 004,4285,3705,7990
E02006565,Chichester 005,4230,3932,8162
E02006566,Chichester 006,4337,3896,8233
E02006567,Chichester 007,4007,3676,7683
E02006568,Chichester 008,6554,5746,12300
E02006569,Chichester 009,4611,5014,9625
E02006570,Chichester 010,4800,4106,8906
E02006571,Chichester 011,4449,4065,8514
E02006572,Chichester 012,5970,5516,11486
E02006573,Chichester 013,6118,5510,11628
E02006574,Chichester 014,5712,5211,10923
E02006575,Crawley 001,4289,4657,8946
E02006576,Crawley 002,5376,5338,10714
E02006577,Crawley 003,4666,4425,9091
E02006578,Crawley 004,6161,6423,12584
E02006579,Crawley 005,4114,4239,8353
E02006580,Crawley 006,4247,4149,8396
E02006581,Crawley 007,5214,5141,10355
E02006582,Crawley 008,3934,3915,7849
E02006583,Crawley 009,4782,4699,9481
E02006584,Crawley 010,4017,3823,7840
E02006585,Crawley 011,4303,4011,8314
E02006586,Crawley 012,4005,4032,8037
E02006587,Crawley 013,4384,4151,8535
E02006588,Horsham 001,5277,5133,10410
E02006589,Horsham 002,5833,5510,11343
E02006590,Horsham 003,4526,4256,8782
E02006591,Horsham 004,4134,4138,8272
E02006592,Horsham 005,3401,3277,6678
E02006593,Horsham 006,5768,5518,11286
E02006594,Horsham 007,5605,5336,10941
E02006595,Horsham 008,4598,4360,8958
E02006596,Horsham 009,4740,4623,9363
E02006597,Horsham 010,6324,6071,12395
E02006598,Horsham 011,2736,2719,5455
E02006599,Horsham 012,3487,3403,6890
E02006600,Horsham 013,5177,4689,9866
E02006601,Horsham 014,4663,4293,8956
E02006602,Horsham 015,4417,4299,8716
E02006603,Horsham 016,4459,4009,8468
E02006604,Mid Sussex 001,6787,6493,13280
E02006605,Mid Sussex 002,3226,3140,6366
E02006606,Mid Sussex 003,4366,3984,8350
E02006607,Mid Sussex 004,4057,3903,7960
E02006608,Mid Sussex 005,3262,3072,6334
E02006609,Mid Sussex 006,3483,3406,6889
E02006610,Mid Sussex 007,4008,3861,7869
E02006611,Mid Sussex 008,5987,5493,11480
E02006612,Mid Sussex 009,6013,5814,11827
E02006613,Mid Sussex 010,4044,3707,7751
E02006614,Mid Sussex 011,6614,6238,12852
E02006615,Mid Sussex 012,3611,3450,7061
E02006616,Mid Sussex 013,5024,4816,9840
E02006617,Mid Sussex 014,4693,4441,9134
E02006618,Mid Sussex 015,3384,3072,6456
E02006619,Mid Sussex 016,4659,4420,9079
E02006620,Mid Sussex 017,5282,4756,10038
E02006621,Worthing 001,3934,3758,7692
E02006622,Worthing 002,4041,3848,7889
E02006623,Worthing 003,4281,3810,8091
E02006624,Worthing 004,3703,3627,7330
E02006625,Worthing 005,4139,3912,8051
E02006626,Worthing 006,5310,4877,10187
E02006627,Worthing 007,4939,4668,9607
E02006628,Worthing 008,4600,4342,8942
E02006629,Worthing 009,4070,3741,7811
E02006630,Worthing 010,4609,4297,8906
E02006631,Worthing 011,5152,5033,10185
E02006632,Worthing 012,4304,3940,8244
E02006633,Worthing 013,4425,3979,8404
E02006782,Bromley 040,4315,3811,8126
E02006783,Lewisham 037,4206,3566,7772
E02006784,Lewisham 038,4151,3817,7968
E02006785,Bexley 029,3426,3197,6623
E02006786,Greenwich 033,3973,3585,7558
E02006787,Bromley 041,4079,3815,7894
E02006788,Croydon 045,4104,3507,7611
E02006789,Bromley 042,3485,3295,6780
E02006790,Tandridge 012,4071,3646,7717
E02006791,Ealing 040,3916,3650,7566
E02006792,Hounslow 029,4524,4474,8998
E02006793,Enfield 037,5173,4472,9645
E02006794,Haringey 037,4370,3916,8286
E02006795,Harrow 032,4080,4189,8269
E02006796,Hillingdon 033,4840,4854,9694
E02006798,Lewisham 039,4509,4379,8888
E02006799,Barking and Dagenham 023,6207,5834,12041
E02006800,Redbridge 034,7258,7423,14681
E02006801,Lambeth 036,4386,4181,8567
E02006802,Southwark 034,4654,4622,9276
E02006821,Portsmouth 026,3388,3272,6660
E02006822,Havant 018,4717,4591,9308
E02006823,Buckinghamshire 039,4633,4302,8935
E02006824,Buckinghamshire 036,4930,4604,9534
E02006825,East Cambridgeshire 011,3185,3015,6200
E02006826,West Suffolk 015,4834,4919,9753
E02006829,East Hampshire 016,3814,3582,7396
E02006830,Havant 019,3432,3238,6670
E02006831,Havant 020,3182,3004,6186
E02006832,Sevenoaks 016,3163,2906,6069
E02006833,Tonbridge and Malling 014,6454,5950,12404
E02006836,Sutton 025,4480,4241,8721
E02006837,Epsom and Ewell 010,5991,5794,11785
E02006838,East Hampshire 017,3555,3385,6940
E02006839,Waverley 018,4402,4117,8519
E02006853,Tower Hamlets 032,5678,5337,11015
E02006854,Tower Hamlets 033,3337,3737,7074
E02006855,Canterbury 019,3249,3168,6417
E02006856,Canterbury 020,5692,5450,11142
E02006857,Eastbourne 013,4728,4266,8994
E02006858,Eastbourne 014,3524,3308,6832
E02006859,Thurrock 019,3902,3789,7691
E02006873,South Cambridgeshire 020,5060,4828,9888
E02006874,South Cambridgeshire 021,5203,5030,10233
E02006877,Peterborough 022,5556,5344,10900
E02006878,Peterborough 023,6543,6438,12981
E02006879,Folkestone and Hythe 014,3186,3357,6543
E02006880,Folkestone and Hythe 015,3347,3301,6648
E02006882,Harrow 033,7259,7135,14394
E02006886,Vale of White Horse 016,7063,6789,13852
E02006907,Norwich 014,3291,3822,7113
E02006908,Norwich 015,2665,2898,5563
E02006918,Hackney 028,4410,3988,8398
E02006921,Hackney 029,4251,3675,7926
E02006922,Colchester 022,7154,6960,14114
E02006924,Redbridge 035,6848,6753,13601
E02006925,Redbridge 036,7186,7234,14420
E02006926,Thurrock 020,4046,3962,8008
E02006927,Greenwich 034,6519,5848,12367
E02006928,Greenwich 035,6324,5769,12093
E02006930,Greenwich 037,4943,4903,9846
E02006931,Greenwich 038,4873,4588,9461
E02006937,Luton 022,4388,4983,9371
E02006938,Luton 023,2939,3444,6383
E02006939,Reading 019,3314,3762,7076
E02006940,Reading 020,4037,4203,8240
E02006941,Southwark 035,2472,2840,5312
E02006942,Southwark 036,3431,3315,6746
E02006953,Barnet 042,4665,4504,9169
E02006954,Barnet 043,5065,5048,10113
E02006955,Brent 035,3909,3599,7508
E02006956,Brent 036,4329,4501,8830
E02006968,Ealing 041,4265,4084,8349
E02006969,Ealing 042,3257,3167,6424
E02006970,Ealing 043,3467,3876,7343
E02006971,Ealing 044,4064,4231,8295
E02006972,Hounslow 030,2820,2593,5413
E02006973,Hounslow 031,4375,4119,8494
E02006975,Portsmouth 027,4919,5356,10275
E02006976,Portsmouth 028,2717,2595,5312
E02006978,Chelmsford 022,3493,3764,7257
E02006979,Chelmsford 023,3247,3180,6427
E02006980,Rochford 011,3885,3622,7507
E02006981,Rochford 012,4036,3883,7919
E02006987,Croydon 046,3653,3720,7373
E02006988,Croydon 047,3632,3529,7161
E02006991,Greenwich 039,3133,3186,6319
E02006992,Greenwich 040,4268,3961,8229
E02006993,Greenwich 041,4235,4165,8400
E02006994,Greenwich 042,3910,3731,7641
E02006995,Newham 038,4217,4421,8638
E02006996,Newham 039,4181,4246,8427
E02006997,Newham 040,3315,3573,6888
E02006998,Newham 041,3704,3382,7086
E02006999,Newham 042,5618,5626,11244
E02007004,Thurrock 021,3347,3344,6691
E02007005,Thurrock 022,4199,4217,8416
E02007008,Lewisham 040,3028,2739,5767
E02007009,Lewisham 041,4666,4476,9142
E02007010,Bedford 021,4381,4152,8533
E02007011,Bedford 022,3929,3670,7599
E02007012,Milton Keynes 033,4126,4152,8278
E02007013,Milton Keynes 034,5046,5065,10111
E02007014,Milton Keynes 035,3676,3447,7123
E02007015,Milton Keynes 036,4963,4695,9658
E02007016,Milton Keynes 037,4479,4733,9212
E02007017,Redbridge 037,4508,4307,8815
E02007018,Redbridge 038,3674,3597,7271
E02007019,Redbridge 039,3539,3623,7162
E02007020,Redbridge 040,4807,5033,9840
E02007021,Oxford 020,4233,4210,8443
E02007032,North Norfolk 015,3616,3200,6816
E02007033,North Norfolk 016,3177,3014,6191
E02007046,Ashford 015,3617,3411,7028
E02007047,Ashford 016,4563,4281,8844
E02007052,Norwich 016,3228,3236,6464
E02007053,Norwich 017,3040,3041,6081
E02007054,South Norfolk 016,4446,4299,8745
E02007055,South Norfolk 017,3841,3694,7535
E02007056,Colchester 023,4296,4371,8667
E02007057,Colchester 024,3851,3675,7526
E02007068,Slough 015,3527,3491,7018
E02007069,Slough 016,3939,4142,8081
E02007074,Southampton 033,4100,4642,8742
E02007075,Southampton 034,2392,2909,5301
E02007076,Test Valley 016,3838,3830,7668
E02007077,Test Valley 017,3822,3654,7476
E02007078,Test Valley 018,2572,2503,5075
E02007083,Wandsworth 038,3903,3808,7711
E02007084,Wandsworth 039,5247,4643,9890
E02007085,South Cambridgeshire 022,6039,5846,11885
E02007086,Cambridge 015,5761,5372,11133
E02007087,Cambridge 014,3255,2973,6228
E02007088,North Hertfordshire 016,3960,3724,7684
E02007089,North Hertfordshire 017,3744,3660,7404
E02007090,St Albans 021,3143,3123,6266
E02007091,Stevenage 013,3222,3213,6435
E02007092,Welwyn Hatfield 017,2861,2626,5487
E02007093,East Hertfordshire 019,4089,4026,8115
E02007108,Hackney 030,2916,3025,5941
E02007109,Hackney 031,3993,3621,7614
E02007110,Hackney 032,3793,3539,7332
E02007111,Hackney 033,2942,3007,5949
E02007112,Tower Hamlets 034,2775,3118,5893
E02007113,Tower Hamlets 035,3605,3856,7461
E02007114,Tower Hamlets 036,3753,3812,7565
E02007115,Camden 029,6058,5530,11588
E02007116,Oxford 019,3951,4227,8178